# Simulation Round Raw Data Pack
# Generated: 2026-04-26
# Sources:
# - c3_star_topology_runs.csv
# - rewired_governance_diagnostic_summary.csv
# - rewired_governance_diagnostic_runs.csv

## BEGIN c3_star_topology_runs.csv
run_index,seed,topology,survival_checkpoint_year,survived_500_year_mark,survived_final_year,final_governance_stability,final_human_control_index,minimum_human_control_index,fragmentation_count,final_connected_components,largest_component_ratio,contagion_containment,contagion_initial_failures,contagion_secondary_failures,trust_memory_decay,final_cooperation,final_recovered_node_rate,final_trust_memory,final_infiltrator_count,final_isolated_infiltrator_count,adversary_isolation_rate,reconnection_rate,signal_propagation_rate,time_to_isolation,defense_edge_cuts,minimum_cooperation,minimum_trust_memory,post_betrayal_min_cooperation,first_cooperation_collapse_year,time_to_collapse,recovery_year,time_to_recovery,recovered_network_size,recovered_within_window,collapsed,peak_governance_backlog,dominant_defense_action,proposal_quota_count,ai_legislative_processors_count,foundational_veto_count
1,42,star,500,True,True,0.999,1.0,1.0,0,1,1.0,0.0,2,0,0.0,0.999,0.0,0.999,0,0,0.0,0.0,0.0,,0,0.744,0.744,0.744,,,,,0,True,False,0.0,none,0,0,0
2,43,star,500,True,True,0.996,1.0,1.0,0,1,1.0,0.0,2,0,0.0,0.997,0.0,0.997,0,0,0.0,0.0,0.0,,0,0.686,0.686,0.686,,,,,0,True,False,0.0,none,0,0,0
3,44,star,500,True,True,0.918,1.0,1.0,0,1,1.0,0.0,15,0,0.0,0.876,0.0,0.876,0,0,0.0,0.0,0.0,,0,0.577,0.577,0.577,,,,,0,True,False,0.0,none,0,0,0
4,45,star,500,True,True,1.0,1.0,1.0,0,1,1.0,0.0,3,0,0.0,0.998,0.0,0.998,0,0,0.0,0.0,0.0,,0,0.726,0.726,0.726,,,,,0,True,False,0.0,none,0,0,0
5,46,star,500,True,True,0.999,1.0,1.0,0,1,1.0,0.0,1,0,0.0,0.999,0.0,0.999,0,0,0.0,0.0,0.0,,0,0.736,0.736,0.736,,,,,0,True,False,0.0,none,0,0,0
6,47,star,500,True,True,0.997,1.0,1.0,0,1,1.0,0.0,4,0,0.0,0.998,0.0,0.998,0,0,0.0,0.0,0.0,,0,0.745,0.745,0.745,,,,,0,True,False,0.0,none,0,0,0
7,48,star,500,True,True,0.999,1.0,1.0,0,1,1.0,0.0,1,0,0.0,0.999,0.0,0.999,0,0,0.0,0.0,0.0,,0,0.755,0.755,0.755,,,,,0,True,False,0.0,none,0,0,0
8,49,star,500,True,True,0.996,1.0,1.0,0,1,1.0,0.0,5,0,0.0,0.99,0.0,0.99,0,0,0.0,0.0,0.0,,0,0.719,0.719,0.719,,,,,0,True,False,0.0,none,0,0,0
9,50,star,500,True,True,0.995,1.0,1.0,0,1,1.0,0.0,6,0,0.0,0.998,0.0,0.998,0,0,0.0,0.0,0.0,,0,0.743,0.743,0.743,,,,,0,True,False,0.0,none,0,0,0
10,51,star,500,True,True,0.98,1.0,1.0,0,1,1.0,0.0,3,0,0.0,0.999,0.0,0.999,0,0,0.0,0.0,0.0,,0,0.705,0.705,0.705,,,,,0,True,False,0.0,none,0,0,0
11,52,star,500,True,True,0.999,1.0,1.0,0,1,1.0,0.0,0,0,0.0,0.997,0.0,0.997,0,0,0.0,0.0,0.0,,0,0.751,0.751,0.751,,,,,0,True,False,0.0,none,0,0,0
12,53,star,500,True,True,1.0,1.0,1.0,0,1,1.0,0.0,0,0,0.0,1.0,0.0,1.0,0,0,0.0,0.0,0.0,,0,0.743,0.743,0.743,,,,,0,True,False,0.0,none,0,0,0
13,54,star,500,True,True,1.0,1.0,1.0,0,1,1.0,0.0,0,0,0.0,0.999,0.0,0.999,0,0,0.0,0.0,0.0,,0,0.76,0.76,0.76,,,,,0,True,False,0.0,none,0,0,0
14,55,star,500,True,True,1.0,1.0,1.0,0,1,1.0,0.0,7,0,0.0,0.999,0.0,0.999,0,0,0.0,0.0,0.0,,0,0.678,0.678,0.678,,,,,0,True,False,0.0,none,0,0,0
15,56,star,500,True,True,0.999,1.0,1.0,0,1,1.0,0.0,0,0,0.0,0.999,0.0,0.999,0,0,0.0,0.0,0.0,,0,0.765,0.765,0.765,,,,,0,True,False,0.0,none,0,0,0
16,57,star,500,True,True,1.0,1.0,1.0,0,1,1.0,0.0,0,0,0.0,1.0,0.0,1.0,0,0,0.0,0.0,0.0,,0,0.72,0.72,0.72,,,,,0,True,False,0.0,none,0,0,0
17,58,star,500,False,False,0.204,1.0,1.0,0,1,1.0,0.0,45,0,0.0,0.048,0.0,0.048,0,0,0.0,0.0,0.0,,0,0.048,0.048,0.048,,,,,0,True,False,0.0,none,0,0,0
18,59,star,500,True,True,0.994,1.0,1.0,0,1,1.0,0.0,5,0,0.0,0.991,0.0,0.991,0,0,0.0,0.0,0.0,,0,0.689,0.689,0.689,,,,,0,True,False,0.0,none,0,0,0
19,60,star,500,True,True,0.997,1.0,1.0,0,1,1.0,0.0,6,0,0.0,0.998,0.0,0.998,0,0,0.0,0.0,0.0,,0,0.739,0.739,0.739,,,,,0,True,False,0.0,none,0,0,0
20,61,star,500,False,False,0.2,1.0,1.0,0,1,1.0,0.0,42,0,0.0,0.03,0.0,0.03,0,0,0.0,0.0,0.0,,0,0.03,0.03,0.03,,,,,0,True,False,0.0,none,0,0,0
21,62,star,500,True,True,1.0,1.0,1.0,0,1,1.0,0.0,1,0,0.0,1.0,0.0,1.0,0,0,0.0,0.0,0.0,,0,0.735,0.735,0.735,,,,,0,True,False,0.0,none,0,0,0
22,63,star,500,True,True,0.99,1.0,1.0,0,1,1.0,0.0,1,0,0.0,0.998,0.0,0.998,0,0,0.0,0.0,0.0,,0,0.744,0.744,0.744,,,,,0,True,False,0.0,none,0,0,0
23,64,star,500,True,True,0.998,1.0,1.0,0,1,1.0,0.0,5,0,0.0,0.992,0.0,0.992,0,0,0.0,0.0,0.0,,0,0.736,0.736,0.736,,,,,0,True,False,0.0,none,0,0,0
24,65,star,500,True,True,0.997,1.0,1.0,0,1,1.0,0.0,3,0,0.0,0.999,0.0,0.999,0,0,0.0,0.0,0.0,,0,0.698,0.698,0.698,,,,,0,True,False,0.0,none,0,0,0
25,66,star,500,True,True,0.98,1.0,1.0,0,1,1.0,0.0,9,0,0.0,0.961,0.0,0.961,0,0,0.0,0.0,0.0,,0,0.584,0.584,0.584,,,,,0,True,False,0.0,none,0,0,0
26,67,star,500,True,True,0.988,1.0,1.0,0,1,1.0,0.0,3,0,0.0,0.994,0.0,0.994,0,0,0.0,0.0,0.0,,0,0.738,0.738,0.738,,,,,0,True,False,0.0,none,0,0,0
27,68,star,500,True,True,0.998,1.0,1.0,0,1,1.0,0.0,0,0,0.0,0.997,0.0,0.997,0,0,0.0,0.0,0.0,,0,0.748,0.748,0.748,,,,,0,True,False,0.0,none,0,0,0
28,69,star,500,True,True,0.987,1.0,1.0,0,1,1.0,0.0,12,0,0.0,0.977,0.0,0.977,0,0,0.0,0.0,0.0,,0,0.609,0.609,0.609,,,,,0,True,False,0.0,none,0,0,0
29,70,star,500,True,True,1.0,1.0,1.0,0,1,1.0,0.0,0,0,0.0,0.997,0.0,0.997,0,0,0.0,0.0,0.0,,0,0.773,0.773,0.773,,,,,0,True,False,0.0,none,0,0,0
30,71,star,500,True,True,0.992,1.0,1.0,0,1,1.0,0.0,4,0,0.0,1.0,0.0,1.0,0,0,0.0,0.0,0.0,,0,0.736,0.736,0.736,,,,,0,True,False,0.0,none,0,0,0
31,72,star,500,True,True,0.998,1.0,1.0,0,1,1.0,0.0,0,0,0.0,0.995,0.0,0.995,0,0,0.0,0.0,0.0,,0,0.744,0.744,0.744,,,,,0,True,False,0.0,none,0,0,0
32,73,star,500,True,True,0.984,1.0,1.0,0,1,1.0,0.0,9,0,0.0,0.979,0.0,0.979,0,0,0.0,0.0,0.0,,0,0.637,0.637,0.637,,,,,0,True,False,0.0,none,0,0,0
33,74,star,500,True,True,0.999,1.0,1.0,0,1,1.0,0.0,0,0,0.0,0.991,0.0,0.991,0,0,0.0,0.0,0.0,,0,0.763,0.763,0.763,,,,,0,True,False,0.0,none,0,0,0
34,75,star,500,True,True,0.998,1.0,1.0,0,1,1.0,0.0,6,0,0.0,0.998,0.0,0.998,0,0,0.0,0.0,0.0,,0,0.725,0.725,0.725,,,,,0,True,False,0.0,none,0,0,0
35,76,star,500,True,True,0.998,1.0,1.0,0,1,1.0,0.0,0,0,0.0,0.995,0.0,0.995,0,0,0.0,0.0,0.0,,0,0.713,0.713,0.713,,,,,0,True,False,0.0,none,0,0,0
36,77,star,500,True,True,0.991,1.0,1.0,0,1,1.0,0.0,0,0,0.0,0.997,0.0,0.997,0,0,0.0,0.0,0.0,,0,0.727,0.727,0.727,,,,,0,True,False,0.0,none,0,0,0
37,78,star,500,True,True,0.992,1.0,1.0,0,1,1.0,0.0,0,0,0.0,0.999,0.0,0.999,0,0,0.0,0.0,0.0,,0,0.758,0.758,0.758,,,,,0,True,False,0.0,none,0,0,0
38,79,star,500,True,True,0.993,1.0,1.0,0,1,1.0,0.0,5,0,0.0,0.997,0.0,0.997,0,0,0.0,0.0,0.0,,0,0.714,0.714,0.714,,,,,0,True,False,0.0,none,0,0,0
39,80,star,500,True,True,0.958,1.0,1.0,0,1,1.0,0.0,10,0,0.0,0.955,0.0,0.955,0,0,0.0,0.0,0.0,,0,0.511,0.511,0.511,,,,,0,True,False,0.0,none,0,0,0
40,81,star,500,True,True,0.999,1.0,1.0,0,1,1.0,0.0,0,0,0.0,0.999,0.0,0.999,0,0,0.0,0.0,0.0,,0,0.739,0.739,0.739,,,,,0,True,False,0.0,none,0,0,0
41,82,star,500,True,True,1.0,1.0,1.0,0,1,1.0,0.0,0,0,0.0,0.997,0.0,0.997,0,0,0.0,0.0,0.0,,0,0.75,0.75,0.75,,,,,0,True,False,0.0,none,0,0,0
42,83,star,500,True,True,0.999,1.0,1.0,0,1,1.0,0.0,2,0,0.0,1.0,0.0,1.0,0,0,0.0,0.0,0.0,,0,0.744,0.744,0.744,,,,,0,True,False,0.0,none,0,0,0
43,84,star,500,True,True,0.999,1.0,1.0,0,1,1.0,0.0,0,0,0.0,0.999,0.0,0.999,0,0,0.0,0.0,0.0,,0,0.744,0.744,0.744,,,,,0,True,False,0.0,none,0,0,0
44,85,star,500,False,False,0.06,1.0,1.0,0,1,1.0,0.293,58,17,0.0,0.01,0.0,0.01,0,0,0.0,0.0,0.0,,0,0.01,0.01,0.01,,,,,0,True,False,0.0,none,0,0,0
45,86,star,500,True,True,0.986,1.0,1.0,0,1,1.0,0.0,8,0,0.0,0.99,0.0,0.99,0,0,0.0,0.0,0.0,,0,0.679,0.679,0.679,,,,,0,True,False,0.0,none,0,0,0
46,87,star,500,True,True,0.978,1.0,1.0,0,1,1.0,0.0,5,0,0.0,0.991,0.0,0.991,0,0,0.0,0.0,0.0,,0,0.702,0.702,0.702,,,,,0,True,False,0.0,none,0,0,0
47,88,star,500,True,True,0.828,1.0,1.0,0,1,1.0,0.0,15,0,0.0,0.661,0.0,0.661,0,0,0.0,0.0,0.0,,0,0.398,0.398,0.398,,,,,0,True,False,0.0,none,0,0,0
48,89,star,500,False,False,0.078,1.0,1.0,0,1,1.0,0.0,56,0,0.0,0.014,0.0,0.014,0,0,0.0,0.0,0.0,,0,0.014,0.014,0.014,,,,,0,True,False,0.0,none,0,0,0
49,90,star,500,True,True,0.991,1.0,1.0,0,1,1.0,0.0,0,0,0.0,0.999,0.0,0.999,0,0,0.0,0.0,0.0,,0,0.747,0.747,0.747,,,,,0,True,False,0.0,none,0,0,0
50,91,star,500,True,True,1.0,1.0,1.0,0,1,1.0,0.0,2,0,0.0,1.0,0.0,1.0,0,0,0.0,0.0,0.0,,0,0.685,0.685,0.685,,,,,0,True,False,0.0,none,0,0,0
51,92,star,500,True,True,1.0,1.0,1.0,0,1,1.0,0.0,2,0,0.0,0.996,0.0,0.996,0,0,0.0,0.0,0.0,,0,0.736,0.736,0.736,,,,,0,True,False,0.0,none,0,0,0
52,93,star,500,True,True,0.999,1.0,1.0,0,1,1.0,0.0,3,0,0.0,0.999,0.0,0.999,0,0,0.0,0.0,0.0,,0,0.768,0.768,0.768,,,,,0,True,False,0.0,none,0,0,0
53,94,star,500,True,True,0.999,1.0,1.0,0,1,1.0,0.0,0,0,0.0,0.999,0.0,0.999,0,0,0.0,0.0,0.0,,0,0.755,0.755,0.755,,,,,0,True,False,0.0,none,0,0,0
54,95,star,500,True,True,1.0,1.0,1.0,0,1,1.0,0.0,0,0,0.0,0.999,0.0,0.999,0,0,0.0,0.0,0.0,,0,0.765,0.765,0.765,,,,,0,True,False,0.0,none,0,0,0
55,96,star,500,True,True,0.99,1.0,1.0,0,1,1.0,0.0,9,0,0.0,0.986,0.0,0.986,0,0,0.0,0.0,0.0,,0,0.633,0.633,0.633,,,,,0,True,False,0.0,none,0,0,0
56,97,star,500,True,True,0.968,1.0,1.0,0,1,1.0,0.0,12,0,0.0,0.918,0.0,0.918,0,0,0.0,0.0,0.0,,0,0.546,0.546,0.546,,,,,0,True,False,0.0,none,0,0,0
57,98,star,500,False,False,0.108,1.0,1.0,0,1,1.0,0.296,54,16,0.0,0.016,0.0,0.016,0,0,0.0,0.0,0.0,,0,0.015,0.015,0.015,,,,,0,True,False,0.0,none,0,0,0
58,99,star,500,True,True,0.895,1.0,1.0,0,1,1.0,0.0,11,0,0.0,0.796,0.0,0.796,0,0,0.0,0.0,0.0,,0,0.562,0.562,0.562,,,,,0,True,False,0.0,none,0,0,0
59,100,star,500,False,False,0.215,1.0,1.0,0,1,1.0,0.0,45,0,0.0,0.06,0.0,0.06,0,0,0.0,0.0,0.0,,0,0.051,0.051,0.051,,,,,0,True,False,0.0,none,0,0,0
60,101,star,500,True,True,1.0,1.0,1.0,0,1,1.0,0.0,0,0,0.0,0.991,0.0,0.991,0,0,0.0,0.0,0.0,,0,0.746,0.746,0.746,,,,,0,True,False,0.0,none,0,0,0
61,102,star,500,True,True,0.999,1.0,1.0,0,1,1.0,0.0,2,0,0.0,0.995,0.0,0.995,0,0,0.0,0.0,0.0,,0,0.736,0.736,0.736,,,,,0,True,False,0.0,none,0,0,0
62,103,star,500,True,True,0.999,1.0,1.0,0,1,1.0,0.0,1,0,0.0,0.999,0.0,0.999,0,0,0.0,0.0,0.0,,0,0.753,0.753,0.753,,,,,0,True,False,0.0,none,0,0,0
63,104,star,500,True,True,0.997,1.0,1.0,0,1,1.0,0.0,1,0,0.0,0.997,0.0,0.997,0,0,0.0,0.0,0.0,,0,0.726,0.726,0.726,,,,,0,True,False,0.0,none,0,0,0
64,105,star,500,True,True,1.0,1.0,1.0,0,1,1.0,0.0,0,0,0.0,0.999,0.0,0.999,0,0,0.0,0.0,0.0,,0,0.774,0.774,0.774,,,,,0,True,False,0.0,none,0,0,0
65,106,star,500,True,True,0.962,1.0,1.0,0,1,1.0,0.0,15,0,0.0,0.929,0.0,0.929,0,0,0.0,0.0,0.0,,0,0.53,0.53,0.53,,,,,0,True,False,0.0,none,0,0,0
66,107,star,500,True,True,1.0,1.0,1.0,0,1,1.0,0.0,3,0,0.0,0.996,0.0,0.996,0,0,0.0,0.0,0.0,,0,0.72,0.72,0.72,,,,,0,True,False,0.0,none,0,0,0
67,108,star,500,True,True,0.999,1.0,1.0,0,1,1.0,0.0,1,0,0.0,0.999,0.0,0.999,0,0,0.0,0.0,0.0,,0,0.71,0.71,0.71,,,,,0,True,False,0.0,none,0,0,0
68,109,star,500,False,False,0.151,1.0,1.0,0,1,1.0,0.0,51,0,0.0,0.018,0.0,0.018,0,0,0.0,0.0,0.0,,0,0.018,0.018,0.018,,,,,0,True,False,0.0,none,0,0,0
69,110,star,500,True,True,1.0,1.0,1.0,0,1,1.0,0.0,0,0,0.0,0.992,0.0,0.992,0,0,0.0,0.0,0.0,,0,0.738,0.738,0.738,,,,,0,True,False,0.0,none,0,0,0
70,111,star,500,True,True,1.0,1.0,1.0,0,1,1.0,0.0,0,0,0.0,1.0,0.0,1.0,0,0,0.0,0.0,0.0,,0,0.765,0.765,0.765,,,,,0,True,False,0.0,none,0,0,0
71,112,star,500,True,True,0.983,1.0,1.0,0,1,1.0,0.0,11,0,0.0,0.978,0.0,0.978,0,0,0.0,0.0,0.0,,0,0.6,0.6,0.6,,,,,0,True,False,0.0,none,0,0,0
72,113,star,500,True,True,1.0,1.0,1.0,0,1,1.0,0.0,0,0,0.0,0.999,0.0,0.999,0,0,0.0,0.0,0.0,,0,0.717,0.717,0.717,,,,,0,True,False,0.0,none,0,0,0
73,114,star,500,True,True,1.0,1.0,1.0,0,1,1.0,0.0,2,0,0.0,0.998,0.0,0.998,0,0,0.0,0.0,0.0,,0,0.72,0.72,0.72,,,,,0,True,False,0.0,none,0,0,0
74,115,star,500,True,True,0.999,1.0,1.0,0,1,1.0,0.0,0,0,0.0,0.999,0.0,0.999,0,0,0.0,0.0,0.0,,0,0.768,0.768,0.768,,,,,0,True,False,0.0,none,0,0,0
75,116,star,500,True,True,0.997,1.0,1.0,0,1,1.0,0.0,11,0,0.0,0.991,0.0,0.991,0,0,0.0,0.0,0.0,,0,0.665,0.665,0.665,,,,,0,True,False,0.0,none,0,0,0
76,117,star,500,True,True,0.995,1.0,1.0,0,1,1.0,0.0,7,0,0.0,0.993,0.0,0.993,0,0,0.0,0.0,0.0,,0,0.716,0.716,0.716,,,,,0,True,False,0.0,none,0,0,0
77,118,star,500,True,True,1.0,1.0,1.0,0,1,1.0,0.0,2,0,0.0,0.992,0.0,0.992,0,0,0.0,0.0,0.0,,0,0.778,0.778,0.778,,,,,0,True,False,0.0,none,0,0,0
78,119,star,500,True,True,1.0,1.0,1.0,0,1,1.0,0.0,6,0,0.0,0.999,0.0,0.999,0,0,0.0,0.0,0.0,,0,0.773,0.773,0.773,,,,,0,True,False,0.0,none,0,0,0
79,120,star,500,True,True,1.0,1.0,1.0,0,1,1.0,0.0,4,0,0.0,0.999,0.0,0.999,0,0,0.0,0.0,0.0,,0,0.758,0.758,0.758,,,,,0,True,False,0.0,none,0,0,0
80,121,star,500,True,True,0.989,1.0,1.0,0,1,1.0,0.0,10,0,0.0,0.982,0.0,0.982,0,0,0.0,0.0,0.0,,0,0.532,0.532,0.532,,,,,0,True,False,0.0,none,0,0,0
81,122,star,500,True,True,0.999,1.0,1.0,0,1,1.0,0.0,6,0,0.0,0.999,0.0,0.999,0,0,0.0,0.0,0.0,,0,0.69,0.69,0.69,,,,,0,True,False,0.0,none,0,0,0
82,123,star,500,True,True,0.996,1.0,1.0,0,1,1.0,0.0,4,0,0.0,0.997,0.0,0.997,0,0,0.0,0.0,0.0,,0,0.74,0.74,0.74,,,,,0,True,False,0.0,none,0,0,0
83,124,star,500,True,True,0.974,1.0,1.0,0,1,1.0,0.0,9,0,0.0,0.977,0.0,0.977,0,0,0.0,0.0,0.0,,0,0.669,0.669,0.669,,,,,0,True,False,0.0,none,0,0,0
84,125,star,500,True,True,1.0,1.0,1.0,0,1,1.0,0.0,0,0,0.0,1.0,0.0,1.0,0,0,0.0,0.0,0.0,,0,0.749,0.749,0.749,,,,,0,True,False,0.0,none,0,0,0
85,126,star,500,True,True,0.999,1.0,1.0,0,1,1.0,0.0,0,0,0.0,0.999,0.0,0.999,0,0,0.0,0.0,0.0,,0,0.751,0.751,0.751,,,,,0,True,False,0.0,none,0,0,0
86,127,star,500,False,False,0.183,1.0,1.0,0,1,1.0,0.358,53,19,0.0,0.075,0.0,0.075,0,0,0.0,0.0,0.0,,0,0.073,0.073,0.073,,,,,0,True,False,0.0,none,0,0,0
87,128,star,500,True,True,0.999,1.0,1.0,0,1,1.0,0.0,1,0,0.0,0.999,0.0,0.999,0,0,0.0,0.0,0.0,,0,0.771,0.771,0.771,,,,,0,True,False,0.0,none,0,0,0
88,129,star,500,True,True,1.0,1.0,1.0,0,1,1.0,0.0,0,0,0.0,1.0,0.0,1.0,0,0,0.0,0.0,0.0,,0,0.755,0.755,0.755,,,,,0,True,False,0.0,none,0,0,0
89,130,star,500,True,True,0.999,1.0,1.0,0,1,1.0,0.0,2,0,0.0,1.0,0.0,1.0,0,0,0.0,0.0,0.0,,0,0.77,0.77,0.77,,,,,0,True,False,0.0,none,0,0,0
90,131,star,500,True,True,0.999,1.0,1.0,0,1,1.0,0.0,3,0,0.0,0.999,0.0,0.999,0,0,0.0,0.0,0.0,,0,0.731,0.731,0.731,,,,,0,True,False,0.0,none,0,0,0
91,132,star,500,True,True,0.973,1.0,1.0,0,1,1.0,0.0,12,0,0.0,0.954,0.0,0.954,0,0,0.0,0.0,0.0,,0,0.553,0.553,0.553,,,,,0,True,False,0.0,none,0,0,0
92,133,star,500,True,True,0.999,1.0,1.0,0,1,1.0,0.0,0,0,0.0,1.0,0.0,1.0,0,0,0.0,0.0,0.0,,0,0.721,0.721,0.721,,,,,0,True,False,0.0,none,0,0,0
93,134,star,500,True,True,0.99,1.0,1.0,0,1,1.0,0.0,1,0,0.0,1.0,0.0,1.0,0,0,0.0,0.0,0.0,,0,0.752,0.752,0.752,,,,,0,True,False,0.0,none,0,0,0
94,135,star,500,True,True,0.815,1.0,1.0,0,1,1.0,0.0,9,0,0.0,0.609,0.0,0.609,0,0,0.0,0.0,0.0,,0,0.534,0.534,0.534,,,,,0,True,False,0.0,none,0,0,0
95,136,star,500,True,True,1.0,1.0,1.0,0,1,1.0,0.0,1,0,0.0,0.999,0.0,0.999,0,0,0.0,0.0,0.0,,0,0.762,0.762,0.762,,,,,0,True,False,0.0,none,0,0,0
96,137,star,500,True,True,0.962,1.0,1.0,0,1,1.0,0.0,13,0,0.0,0.95,0.0,0.95,0,0,0.0,0.0,0.0,,0,0.53,0.53,0.53,,,,,0,True,False,0.0,none,0,0,0
97,138,star,500,True,True,0.983,1.0,1.0,0,1,1.0,0.0,3,0,0.0,1.0,0.0,1.0,0,0,0.0,0.0,0.0,,0,0.726,0.726,0.726,,,,,0,True,False,0.0,none,0,0,0
98,139,star,500,True,True,0.979,1.0,1.0,0,1,1.0,0.0,6,0,0.0,0.985,0.0,0.985,0,0,0.0,0.0,0.0,,0,0.613,0.613,0.613,,,,,0,True,False,0.0,none,0,0,0
99,140,star,500,False,False,0.073,1.0,1.0,0,1,1.0,0.018,56,1,0.0,0.016,0.0,0.016,0,0,0.0,0.0,0.0,,0,0.005,0.005,0.005,,,,,0,True,False,0.0,none,0,0,0
100,141,star,500,True,True,1.0,1.0,1.0,0,1,1.0,0.0,1,0,0.0,0.999,0.0,0.999,0,0,0.0,0.0,0.0,,0,0.748,0.748,0.748,,,,,0,True,False,0.0,none,0,0,0
## END c3_star_topology_runs.csv

## BEGIN rewired_governance_diagnostic_summary.csv
test_name,scenario,stable_run_rate,failure_rate,recovered_run_rate,avg_final_stability,avg_min_stability,avg_final_trust,avg_min_trust,avg_final_disturbance,avg_max_disturbance,avg_final_cognitive_distortion,avg_max_cognitive_distortion,trust_first_rate,disturbance_first_rate,cognition_first_rate,tie_first_rate,no_stressor_rate,note
constraint_activation,baseline_integrated,1.0,0.0,0.0,0.9999617743657538,0.8785909789459813,0.9882331205848641,0.8008922308380794,0.14224959635007478,0.44315357253320914,0.15913092470432816,0.24170694487142277,0.0,0.32,0.0,0.0,0.68,Reference integrated v1.2 control regime.
constraint_activation,capacity_060,1.0,0.0,0.0,0.9902426917787784,0.871835192099074,0.9453415844760652,0.7489866318628318,0.15962219715405493,0.4717888460007344,0.18464399066663753,0.2876853302979063,0.06,0.56,0.0,0.04,0.34,Reduced control capacity to expose structural dependence.
constraint_activation,capacity_040,0.64,0.04,0.34,0.954002632361908,0.8173578173228181,0.8693003702920477,0.6397677271087434,0.1788982118216415,0.49842993343617087,0.21900271257517845,0.33313513305066134,0.18,0.52,0.0,0.12,0.18,Strongly reduced control capacity to force visible failure modes.
constraint_activation,smoothing_low,1.0,0.0,0.0,0.9999903609183463,0.8787057108870926,0.9913444782852541,0.8069688163038813,0.13268144148217684,0.4362566196876772,0.14305563228507115,0.2327622154253812,0.0,0.26,0.0,0.0,0.74,Reduced smoothing to test whether overreaction returns.
constraint_activation,disturbance_high,0.16,0.08,0.84,0.9341883809032805,0.7248333990922806,0.8396857914656366,0.4919045999507369,0.20824955673217038,0.8462318203189493,0.1895201788554589,0.36297836742792117,0.0,0.96,0.0,0.04,0.0,Raised shock frequency and magnitude to reactivate latent structure.
constraint_activation,combined_constraint,0.0,0.84,0.76,0.5778174640191567,0.3154658689130018,0.3415049005831908,0.020335564845917503,0.3215177671850902,0.9787996629648879,0.3360755469848949,0.5707669085368839,0.0,0.94,0.0,0.06,0.0,"Low capacity, low smoothing, and high disturbance combined."
## END rewired_governance_diagnostic_summary.csv

## BEGIN rewired_governance_diagnostic_runs.csv
test_name,scenario,run_index,seed,final_stability,min_stability,max_stability,final_trust,final_disturbance,final_cognitive_distortion,stability_rate,first_breach_step,recovery_step,stable_run,recovered_run,failure_case,failure_reason,avg_intervention_utilization,first_stressor
constraint_activation,baseline_integrated,0,42,0.9999999999999999,0.8852667046790313,0.9999999999999999,0.9291597371393593,0.09326451470328434,0.16520324138164283,1.0,,,1,0,0,,0.7836430112128306,none
constraint_activation,baseline_integrated,1,43,0.9999688917773654,0.8532565988006563,0.9999999998399964,1.0,0.15143225635129984,0.14450304069029846,1.0,,,1,0,0,,0.7992198803553193,disturbance
constraint_activation,baseline_integrated,2,44,0.9999999999877398,0.8775020652415447,0.9999999999877398,0.9960363821127478,0.14837314018086986,0.1290102773397896,1.0,,,1,0,0,,0.8044799182046184,disturbance
constraint_activation,baseline_integrated,3,45,0.9999999999999999,0.8811173820944553,0.9999999999999999,1.0,0.16784902941345206,0.14470738888911752,1.0,,,1,0,0,,0.7847829342193148,none
constraint_activation,baseline_integrated,4,46,0.9999999999993271,0.8800723353853783,0.9999999999993271,1.0,0.1614726151123581,0.1300360000263457,1.0,,,1,0,0,,0.7729363722010476,disturbance
constraint_activation,baseline_integrated,5,47,0.9999999999999879,0.8802791873412943,0.9999999999999879,0.9806665985714936,0.12163541988052828,0.1289053975194814,1.0,,,1,0,0,,0.8374812619361546,none
constraint_activation,baseline_integrated,6,48,0.9999999999999993,0.8824316776658607,0.9999999999999993,1.0,0.11615296290642213,0.12448029863990638,1.0,,,1,0,0,,0.8103445274657145,disturbance
constraint_activation,baseline_integrated,7,49,0.9999999999999999,0.8817976045435539,0.9999999999999999,1.0,0.09793748483660528,0.18623646413872902,1.0,,,1,0,0,,0.7954058271302992,none
constraint_activation,baseline_integrated,8,50,0.9999999999999996,0.8812990088698391,0.9999999999999996,1.0,0.15292718815832063,0.1243370432515564,1.0,,,1,0,0,,0.7839961412555853,disturbance
constraint_activation,baseline_integrated,9,51,0.9997280209845988,0.8806548402158217,0.9999999985486889,0.9659491982272199,0.146588966087553,0.15433169711387437,1.0,,,1,0,0,,0.8631939292708674,none
constraint_activation,baseline_integrated,10,52,0.9999999999999999,0.8831958749600782,0.9999999999999999,1.0,0.08319841484235929,0.12451414249730236,1.0,,,1,0,0,,0.7704799745309244,none
constraint_activation,baseline_integrated,11,53,0.9999999999999999,0.8753976809414177,0.9999999999999999,1.0,0.17823739068030417,0.16176827666345472,1.0,,,1,0,0,,0.7744836224325126,none
constraint_activation,baseline_integrated,12,54,0.9999999999999999,0.8829791753063563,0.9999999999999999,0.8751611445363536,0.2839387505950219,0.24140457110084654,1.0,,,1,0,0,,0.8079164203033898,disturbance
constraint_activation,baseline_integrated,13,55,0.9999999999999999,0.8759530841212197,0.9999999999999999,1.0,0.1647344290806666,0.13521743505786774,1.0,,,1,0,0,,0.8066701439349855,none
constraint_activation,baseline_integrated,14,56,0.9999999999999999,0.878829108935357,0.9999999999999999,1.0,0.12023328415944222,0.18886317618560092,1.0,,,1,0,0,,0.786748761189216,none
constraint_activation,baseline_integrated,15,57,0.9999989610596881,0.8548710116687164,0.9999999999979535,0.9764439926557188,0.19509564970208687,0.18057666619994964,1.0,,,1,0,0,,0.810098565351315,none
constraint_activation,baseline_integrated,16,58,0.9999999999999999,0.8819213361427307,0.9999999999999999,1.0,0.16744731461093618,0.177078498169248,1.0,,,1,0,0,,0.7623523870606929,none
constraint_activation,baseline_integrated,17,59,0.9999999927316695,0.8661608204715404,0.9999999927316695,0.9638296567318021,0.21701664549709815,0.1738293503482106,1.0,,,1,0,0,,0.8093113389368265,none
constraint_activation,baseline_integrated,18,60,0.9999999999999999,0.8794481705859718,0.9999999999999999,1.0,0.13630804151731685,0.16371309359093628,1.0,,,1,0,0,,0.8183117409993653,none
constraint_activation,baseline_integrated,19,61,0.9999999999999999,0.8775502409403673,0.9999999999999999,1.0,0.10839227674244707,0.13486037101279783,1.0,,,1,0,0,,0.7755016402218612,none
constraint_activation,baseline_integrated,20,62,0.9999999999999676,0.8809851746953272,0.9999999999999676,1.0,0.09516539144054549,0.11204833222717916,1.0,,,1,0,0,,0.7822816150449935,disturbance
constraint_activation,baseline_integrated,21,63,0.9999869104012221,0.879942028360133,0.9999999999999999,1.0,0.19747811444392604,0.16363013764732925,1.0,,,1,0,0,,0.7664423025744866,none
constraint_activation,baseline_integrated,22,64,0.9999999999999999,0.8783549672272808,0.9999999999999999,0.9834640394200374,0.13196896525081864,0.19060344187634026,1.0,,,1,0,0,,0.8039047688507407,disturbance
constraint_activation,baseline_integrated,23,65,0.9999999999999999,0.8802621928066567,0.9999999999999999,1.0,0.10043715191838487,0.16918234495970014,1.0,,,1,0,0,,0.7623752526154186,none
constraint_activation,baseline_integrated,24,66,0.9999999999999999,0.881041915515405,0.9999999999999999,0.969598635665823,0.18703429316412012,0.18746460631952624,1.0,,,1,0,0,,0.7935239768529628,none
constraint_activation,baseline_integrated,25,67,0.9999999999995602,0.8747003532842834,0.9999999999995602,1.0,0.1865928261149578,0.154740832439861,1.0,,,1,0,0,,0.8078805514485036,disturbance
constraint_activation,baseline_integrated,26,68,0.9999999999999999,0.8737260506356235,0.9999999999999999,1.0,0.12230809426128397,0.1424745316467277,1.0,,,1,0,0,,0.8094538902088243,none
constraint_activation,baseline_integrated,27,69,0.9999999999999999,0.8849385617384334,0.9999999999999999,1.0,0.1189769072913014,0.1753319662945828,1.0,,,1,0,0,,0.7750604492833003,none
constraint_activation,baseline_integrated,28,70,0.9999999999999999,0.8816979641686139,0.9999999999999999,1.0,0.09094552517587251,0.16478612875998316,1.0,,,1,0,0,,0.8022438303782684,disturbance
constraint_activation,baseline_integrated,29,71,0.9999999999999999,0.880005993910762,0.9999999999999999,1.0,0.0834433601402717,0.14362475487728935,1.0,,,1,0,0,,0.763874198132503,none
constraint_activation,baseline_integrated,30,72,0.9990478571584641,0.8764501564785736,0.9999999999999999,0.8689849237117591,0.21620011475501683,0.1967276115648876,1.0,,,1,0,0,,0.8029851232786257,none
constraint_activation,baseline_integrated,31,73,0.9999999999999999,0.8790861813605377,0.9999999999999999,1.0,0.1147885273234626,0.1386371385506387,1.0,,,1,0,0,,0.7818648894827409,none
constraint_activation,baseline_integrated,32,74,0.9999999999999999,0.8807049968705952,0.9999999999999999,1.0,0.17874903797649253,0.16000361684067857,1.0,,,1,0,0,,0.7850954856561196,disturbance
constraint_activation,baseline_integrated,33,75,0.9999999999999999,0.8818187889688145,0.9999999999999999,1.0,0.08047076918417469,0.1455141610014732,1.0,,,1,0,0,,0.7783150058709697,none
constraint_activation,baseline_integrated,34,76,0.9999999067292533,0.8757624401487217,0.9999999999995949,0.999365315478647,0.13630102625985308,0.16808220314566236,1.0,,,1,0,0,,0.8058570140613724,none
constraint_activation,baseline_integrated,35,77,0.9996980262391254,0.8822152248609108,0.9999999963535378,1.0,0.1074048916086782,0.16500246805799684,1.0,,,1,0,0,,0.8341483148618855,disturbance
constraint_activation,baseline_integrated,36,78,0.9999999999999999,0.8819809861178739,0.9999999999999999,0.9029964049922405,0.18399240135175796,0.1849599225266118,1.0,,,1,0,0,,0.7829689483369736,none
constraint_activation,baseline_integrated,37,79,0.9999999999999999,0.8822678884995288,0.9999999999999999,1.0,0.1291899879086107,0.12383468029321505,1.0,,,1,0,0,,0.7553915142549726,none
constraint_activation,baseline_integrated,38,80,0.9999999999999999,0.8781032849375418,0.9999999999999999,1.0,0.18259755971856462,0.16908930417070284,1.0,,,1,0,0,,0.757002233922098,none
constraint_activation,baseline_integrated,39,81,0.9999998643565302,0.8796276254344716,0.9999999999999608,1.0,0.10434879067447843,0.13263699122367692,1.0,,,1,0,0,,0.8009876502749654,none
constraint_activation,baseline_integrated,40,82,0.9999999999999999,0.8794462240727011,0.9999999999999999,1.0,0.14171798349282588,0.1630333273962163,1.0,,,1,0,0,,0.799330739251754,none
constraint_activation,baseline_integrated,41,83,0.9999999998893525,0.8771861814525174,0.9999999999744645,1.0,0.14246590829686176,0.16086627957713032,1.0,,,1,0,0,,0.8011009425839793,none
constraint_activation,baseline_integrated,42,84,0.9999999999999999,0.8727274488747279,0.9999999999999999,1.0,0.13801110124052468,0.16837003901501973,1.0,,,1,0,0,,0.810564931902517,disturbance
constraint_activation,baseline_integrated,43,85,0.9999999999999999,0.8796738492772679,0.9999999999999999,1.0,0.1912642329453159,0.16435062051646593,1.0,,,1,0,0,,0.7893347997484784,none
constraint_activation,baseline_integrated,44,86,0.9999979229691779,0.8830072773074054,0.9999999999999765,1.0,0.18786905123430733,0.19574578711022222,1.0,,,1,0,0,,0.8146822509530427,disturbance
constraint_activation,baseline_integrated,45,87,0.9999999999990902,0.8813273597379143,0.9999999999990902,1.0,0.10970847955429137,0.15435315023184168,1.0,,,1,0,0,,0.7978840414857367,disturbance
constraint_activation,baseline_integrated,46,88,0.999999931428135,0.8810766845400121,0.9999999999869738,1.0,0.10572246246888815,0.1538396089302765,1.0,,,1,0,0,,0.7989003557172221,disturbance
constraint_activation,baseline_integrated,47,89,0.9999999999999979,0.8762861067801099,0.9999999999999979,1.0,0.10017102651690912,0.15233423265968424,1.0,,,1,0,0,,0.8030786912659988,none
constraint_activation,baseline_integrated,48,90,0.9999999999999999,0.8830499123837365,0.9999999999999999,1.0,0.13354682587387187,0.1824974909819956,1.0,,,1,0,0,,0.7710748017672433,none
constraint_activation,baseline_integrated,49,91,0.9996624325774374,0.882111217941392,0.9999999999999999,1.0,0.10137323485899896,0.15920409455653575,1.0,,,1,0,0,,0.8045696993815797,none
constraint_activation,capacity_060,0,42,0.9066576953066984,0.8852667046790313,0.9999999999999996,0.7761644083630228,0.12522621054386018,0.213021922103697,1.0,,,1,0,0,,0.5974864545837121,disturbance
constraint_activation,capacity_060,1,43,0.9953013259443796,0.8532565988006563,0.9999999891727491,1.0,0.15473542720606479,0.15119204355194424,1.0,,,1,0,0,,0.5982500000000003,disturbance
constraint_activation,capacity_060,2,44,0.9992650502900889,0.8775020652415447,0.9999999981922055,0.9117842652040973,0.18022120438138214,0.1687155115876341,1.0,,,1,0,0,,0.5978403600843559,disturbance
constraint_activation,capacity_060,3,45,0.9976695781331603,0.8811173820944553,0.9999999999982924,0.8897694300942037,0.18890450328157102,0.17635959397694553,1.0,,,1,0,0,,0.5964034649260876,none
constraint_activation,capacity_060,4,46,0.99999999995695,0.8739848171605865,0.99999999995695,1.0,0.17411066764920102,0.14485634897427194,1.0,,,1,0,0,,0.5978029143982765,disturbance
constraint_activation,capacity_060,5,47,0.9580471953824017,0.8422986965394428,0.9999993852634804,0.8135253018265173,0.14781702697110802,0.1704410278123367,1.0,,,1,0,0,,0.5978264618407002,trust
constraint_activation,capacity_060,6,48,0.9999999999814195,0.8824316776658607,0.9999999999814195,1.0,0.13114493002306118,0.15403834171755548,1.0,,,1,0,0,,0.597720090782467,disturbance
constraint_activation,capacity_060,7,49,0.999999999734774,0.8817976045435539,0.999999999734774,0.9515696410413386,0.12648908179143623,0.22601408701795017,1.0,,,1,0,0,,0.5976029612714749,none
constraint_activation,capacity_060,8,50,0.9999999999986156,0.8812990088698391,0.9999999999986156,1.0,0.16277005169501352,0.14020860079683323,1.0,,,1,0,0,,0.5977848425510025,disturbance
constraint_activation,capacity_060,9,51,0.9508085702085233,0.8180969955397638,0.9999958366651505,0.8483078752054031,0.1568948676612041,0.1727129498764008,1.0,,,1,0,0,,0.5977621141734861,trust
constraint_activation,capacity_060,10,52,0.9997244825108162,0.8831958749600782,0.9999999999999996,1.0,0.09069510332742209,0.1371728816897204,1.0,,,1,0,0,,0.5976722731663454,none
constraint_activation,capacity_060,11,53,0.999999936972789,0.8753976809414177,0.999999985432284,1.0,0.19026535393103025,0.18163345878563497,1.0,,,1,0,0,,0.5981458280435739,none
constraint_activation,capacity_060,12,54,0.8912789576543321,0.876897328452123,0.9999999999989589,0.7227610507906592,0.3224005903970876,0.2851297588677955,1.0,,,1,0,0,,0.5976667828505394,disturbance
constraint_activation,capacity_060,13,55,0.9999999997494537,0.8759530841212197,0.9999999997494537,1.0,0.1767787256061157,0.1545861452193671,1.0,,,1,0,0,,0.5980746327454712,none
constraint_activation,capacity_060,14,56,0.9999982461170447,0.878829108935357,0.9999999999999422,1.0,0.12756855778861798,0.2047777702460626,1.0,,,1,0,0,,0.5979258012365717,none
constraint_activation,capacity_060,15,57,0.9984860185149489,0.8339683160017881,0.9999975119568739,0.8697915224831911,0.22772244936167343,0.22644687164660576,1.0,,,1,0,0,,0.5982500000000003,tie
constraint_activation,capacity_060,16,58,0.9999999988242123,0.8819213361427307,0.9999999999126121,0.9991854222494514,0.18368295629040948,0.20466762698511692,1.0,,,1,0,0,,0.5973850370261621,disturbance
constraint_activation,capacity_060,17,59,0.999983485785377,0.8508944393157177,0.999983485785377,0.896416242589683,0.2528863941659906,0.21641141005410136,1.0,,,1,0,0,,0.5982500000000003,disturbance
constraint_activation,capacity_060,18,60,0.9782957876511476,0.8794481705859718,0.9999999997189538,0.8492462356371497,0.14933133392819536,0.18713011998189324,1.0,,,1,0,0,,0.5978618147273994,none
constraint_activation,capacity_060,19,61,0.9999996774228297,0.8775502409403673,0.9999999986482403,1.0,0.11182413157318215,0.14106140020128516,1.0,,,1,0,0,,0.598047202714682,disturbance
constraint_activation,capacity_060,20,62,0.9999999966009075,0.8809851746953272,0.9999999966009075,1.0,0.09951850846692605,0.12076535165748764,1.0,,,1,0,0,,0.5978434808200803,disturbance
constraint_activation,capacity_060,21,63,0.9976900177426269,0.879942028360133,0.9999999999996091,0.9214308121611049,0.21235946715286166,0.1855370705162033,1.0,,,1,0,0,,0.5977577464178905,disturbance
constraint_activation,capacity_060,22,64,0.9999957228352817,0.8783549672272808,0.9999999795303167,0.9307281543306709,0.16570931844075815,0.24151688572862504,1.0,,,1,0,0,,0.597948457183395,disturbance
constraint_activation,capacity_060,23,65,0.999999470504396,0.8802621928066567,0.9999999999999808,1.0,0.10997652657950882,0.18394700756742144,1.0,,,1,0,0,,0.5978757700099405,none
constraint_activation,capacity_060,24,66,0.999999966752625,0.881041915515405,0.999999966752625,0.9442007195491997,0.22170575140598264,0.21974570172148372,1.0,,,1,0,0,,0.5977564757339304,none
constraint_activation,capacity_060,25,67,0.9999999988479336,0.8419066323601533,0.9999999988479336,1.0,0.20249161968375107,0.17873519749168135,1.0,,,1,0,0,,0.5982464340263061,tie
constraint_activation,capacity_060,26,68,0.9998876269972188,0.8737260506356235,0.9999999980901304,0.9944711115154518,0.13848384459253096,0.1706654126638219,1.0,,,1,0,0,,0.5982500000000003,disturbance
constraint_activation,capacity_060,27,69,0.9999642925121254,0.8849385617384334,0.9999999998375666,1.0,0.12291543472217946,0.18481567991854622,1.0,,,1,0,0,,0.5973824377985733,none
constraint_activation,capacity_060,28,70,0.9999998775357744,0.8816979641686139,0.9999999997503547,1.0,0.11000937236738347,0.19892746118773502,1.0,,,1,0,0,,0.5977385563779912,disturbance
constraint_activation,capacity_060,29,71,0.9999999999999999,0.880005993910762,0.9999999999999999,1.0,0.09223717664190738,0.1645023558775679,1.0,,,1,0,0,,0.5977952764510698,none
constraint_activation,capacity_060,30,72,0.9341244430930334,0.8764501564785736,0.9999999999999982,0.7584174904943113,0.27753889214220023,0.25915871604566,1.0,,,1,0,0,,0.5981390486472314,disturbance
constraint_activation,capacity_060,31,73,0.9999998975025933,0.8790861813605377,0.9999999999963713,1.0,0.12322956100925432,0.15597865367456157,1.0,,,1,0,0,,0.5979195779143304,none
constraint_activation,capacity_060,32,74,0.9999999999982792,0.8807049968705952,0.9999999999982792,0.9914756691229579,0.20075167162410368,0.18949655967576642,1.0,,,1,0,0,,0.5977630143549485,disturbance
constraint_activation,capacity_060,33,75,0.990035193147551,0.8818187889688145,0.9999999999999999,0.9042052791378381,0.09048138474114989,0.16689436696474577,1.0,,,1,0,0,,0.5976826748192147,none
constraint_activation,capacity_060,34,76,0.9913693198185327,0.8652457674741001,0.9999999982329782,0.8793419133115072,0.15276817053200412,0.1998529065256655,1.0,,,1,0,0,,0.5980927276573426,disturbance
constraint_activation,capacity_060,35,77,0.9972525322773574,0.8010326684620922,0.9999899020794495,0.9963144299011775,0.12308387492797185,0.1905194311905236,1.0,,,1,0,0,,0.5974540132385403,disturbance
constraint_activation,capacity_060,36,78,0.9714846468360931,0.8819809861178739,0.999999980235544,0.8333043606859504,0.23577189589923253,0.24910035604435515,1.0,,,1,0,0,,0.5977311792116073,disturbance
constraint_activation,capacity_060,37,79,0.9999999974089573,0.8822678884995288,0.999999999580096,1.0,0.1320576075214806,0.12836652027282594,1.0,,,1,0,0,,0.5975212984962001,none
constraint_activation,capacity_060,38,80,0.9999999999991726,0.8781032849375418,0.9999999999991726,1.0,0.19760646127414108,0.18747510689622301,1.0,,,1,0,0,,0.5979997326116975,none
constraint_activation,capacity_060,39,81,0.9809516084196531,0.8575870277447956,0.9999999999945293,0.8616154201253108,0.1189263878946758,0.15792753314793195,1.0,,,1,0,0,,0.5978128583948853,trust
constraint_activation,capacity_060,40,82,0.9999999999999999,0.8794462240727011,0.9999999999999999,1.0,0.1478121957812509,0.174889939305555,1.0,,,1,0,0,,0.59788949119158,none
constraint_activation,capacity_060,41,83,0.9999999181353971,0.8771861814525174,0.9999999181353971,1.0,0.15231008468499238,0.17792942891280322,1.0,,,1,0,0,,0.5979878053899027,disturbance
constraint_activation,capacity_060,42,84,0.9999999985065774,0.8726279884547138,0.9999999985065774,1.0,0.14655875848476713,0.18266346859819355,1.0,,,1,0,0,,0.5980081839596327,disturbance
constraint_activation,capacity_060,43,85,0.9999999999789029,0.8796738492772679,0.9999999999789029,1.0,0.2044922713804881,0.18504119265651897,1.0,,,1,0,0,,0.5978197302415236,none
constraint_activation,capacity_060,44,86,0.9870047104239433,0.8736704165223275,0.999999967287367,0.8796119424330499,0.1971489102037625,0.2122809131304262,1.0,,,1,0,0,,0.5972340551725167,disturbance
constraint_activation,capacity_060,45,87,0.9999999984902397,0.8813273597379143,0.9999999984902397,1.0,0.11847494469899618,0.17271120135363371,1.0,,,1,0,0,,0.5977833738724364,disturbance
constraint_activation,capacity_060,46,88,0.9999991292018606,0.8481339884666668,0.9999996514188866,0.9647128004033148,0.13744855472594986,0.1913347213198492,1.0,,,1,0,0,,0.5978297157131621,disturbance
constraint_activation,capacity_060,47,89,0.9999999992229401,0.8762861067801099,0.9999999992229401,1.0,0.10787436776352177,0.16917439986918106,1.0,,,1,0,0,,0.5981506148536477,disturbance
constraint_activation,capacity_060,48,90,0.9972544417759783,0.8830499123837365,0.9999999999998197,0.8879237073806842,0.15478393357806,0.2107691637546854,1.0,,,1,0,0,,0.5976087604654637,disturbance
constraint_activation,capacity_060,49,91,0.9896057782329957,0.882111217941392,0.9999999999998483,0.9908040177660089,0.10511334120732677,0.16489895856904524,1.0,,,1,0,0,,0.5977376329011002,disturbance
constraint_activation,capacity_040,0,42,0.7905882728338626,0.7780752315138678,0.9999990527588191,0.6341532669040284,0.16070557366677274,0.2734408129348279,0.9583333333333334,115,,0,0,1,never_recovered,0.3999166666666658,disturbance
constraint_activation,capacity_040,1,43,0.9775672093867737,0.8075179444368515,0.9999429213334796,0.9132282604216063,0.16426694979809048,0.17335135373781277,1.0,,,1,0,0,,0.3999166666666658,disturbance
constraint_activation,capacity_040,2,44,0.9136933536358116,0.8665926984791468,0.999993497995172,0.768180541030111,0.20403639648709362,0.2014743542662099,1.0,,,1,0,0,,0.3999166666666658,disturbance
constraint_activation,capacity_040,3,45,0.9274052831218588,0.8811173820944553,0.9999999999982881,0.7842752576668109,0.21113421276426966,0.2117240304724319,1.0,,,1,0,0,,0.3999166666666658,disturbance
constraint_activation,capacity_040,4,46,0.9999964574349668,0.7564502162358818,0.9999964574349668,1.0,0.19316505491085487,0.17140003575605015,0.9166666666666666,45,55,0,1,0,,0.3999166666666658,disturbance
constraint_activation,capacity_040,5,47,0.866693154955798,0.704700054451492,0.9999804905833002,0.7157384857297242,0.1772776731849901,0.22197099053109892,0.7416666666666667,11,42,0,1,0,,0.3999166666666658,trust
constraint_activation,capacity_040,6,48,0.9782762598625095,0.81038704866983,0.9996295731294583,0.8603045917759009,0.1454056942644651,0.1859293978791463,1.0,,,1,0,0,,0.3999166666666658,disturbance
constraint_activation,capacity_040,7,49,0.9936724459422445,0.8292082577008109,0.9999817712379204,0.883095613409123,0.1516863870586963,0.2663965960333303,1.0,,,1,0,0,,0.3999166666666658,trust
constraint_activation,capacity_040,8,50,0.9999972832266973,0.8718661992239637,0.9999972832266973,1.0,0.17896412256971012,0.16964751816287643,1.0,,,1,0,0,,0.3999166666666658,disturbance
constraint_activation,capacity_040,9,51,0.8063664478898271,0.6659467631373337,0.9884571516330034,0.6919091377386174,0.1851173741188728,0.22862479216934775,0.7,38,61,0,1,0,,0.3999166666666658,tie
constraint_activation,capacity_040,10,52,0.987400796029073,0.8831958749600782,0.9999993094069781,0.9153251296754963,0.10349089374386423,0.1607600853600893,1.0,,,1,0,0,,0.3999166666666658,none
constraint_activation,capacity_040,11,53,0.9995604554111721,0.8731722404351809,0.9999977606677657,0.9949552216292542,0.2056764234950957,0.21096957299453964,1.0,,,1,0,0,,0.3999166666666658,none
constraint_activation,capacity_040,12,54,0.7754960982280524,0.7754960982280524,0.9998372629717577,0.5979404019359464,0.3578805820839454,0.3427377471928597,0.9083333333333333,15,20,0,1,1,ended_below_threshold,0.3999166666666658,disturbance
constraint_activation,capacity_040,13,55,0.9953484264514625,0.7712990760153683,0.9999834807841087,0.9011051425506158,0.19248774147421105,0.18359259839744824,0.9416666666666667,53,60,0,1,0,,0.3999166666666658,disturbance
constraint_activation,capacity_040,14,56,0.9989410920498342,0.878829108935357,0.9999601800769334,0.9793445053821775,0.13939078583914458,0.2354866600715515,1.0,,,1,0,0,,0.3999166666666658,disturbance
constraint_activation,capacity_040,15,57,0.9103375661691935,0.7721864506401435,0.999958588724194,0.744999385640471,0.25435928370468225,0.26698557199458645,0.9,5,10,0,1,0,,0.3999166666666658,tie
constraint_activation,capacity_040,16,58,0.9999994750739587,0.8819213361427307,0.9999994750739587,0.9716120457457934,0.20192314105775164,0.24090080099862726,1.0,,,1,0,0,,0.3999166666666658,disturbance
constraint_activation,capacity_040,17,59,0.9338453681360743,0.7452160564386052,0.9998493751360976,0.7735875255130015,0.2807182336100754,0.2531862873647838,0.875,36,51,0,1,0,,0.3999166666666658,disturbance
constraint_activation,capacity_040,18,60,0.8886327556665332,0.8046035112913923,0.9999990315029212,0.7685128610501745,0.16879346035003104,0.2263951993550692,1.0,,,1,0,0,,0.3999166666666658,trust
constraint_activation,capacity_040,19,61,0.9999942338792899,0.8374313287671873,0.9999999051883285,1.0,0.12278257041243198,0.16327595793196284,1.0,,,1,0,0,,0.3999166666666658,tie
constraint_activation,capacity_040,20,62,0.9993258041705912,0.8365029880261797,0.9999777684262265,1.0,0.11029237402440058,0.14609204760430924,1.0,,,1,0,0,,0.3999166666666658,disturbance
constraint_activation,capacity_040,21,63,0.9411284655589681,0.879942028360133,0.999999997186671,0.8086124512199424,0.22798754587973763,0.21262195664834432,1.0,,,1,0,0,,0.3999166666666658,disturbance
constraint_activation,capacity_040,22,64,0.9236915139859715,0.8115644462555119,0.9996371616367076,0.763431673536355,0.1883648512665436,0.2815705507759258,1.0,,,1,0,0,,0.3999166666666658,disturbance
constraint_activation,capacity_040,23,65,0.9999891221295499,0.8802621928066567,0.9999999999997381,1.0,0.12572129718718122,0.21235481325681071,1.0,,,1,0,0,,0.3999166666666658,none
constraint_activation,capacity_040,24,66,0.9817954444640752,0.843400238931583,0.999999455095603,0.8644171608727178,0.2476197552112922,0.2522987234283362,1.0,,,1,0,0,,0.3999166666666658,disturbance
constraint_activation,capacity_040,25,67,0.999993407656433,0.7473070451623993,0.999993407656433,0.96637428447618,0.22197797503959935,0.21228799969330805,0.9166666666666666,13,23,0,1,0,,0.3999166666666658,trust
constraint_activation,capacity_040,26,68,0.9927270500194282,0.789045678286412,0.9999999057083458,0.8820849190316387,0.15739848494048,0.20672166871205344,0.95,91,94,0,1,0,,0.3999166666666658,disturbance
constraint_activation,capacity_040,27,69,0.9937896925065383,0.8849385617384334,0.9999995192659031,0.9582941881823196,0.13168089674187847,0.20909830511503194,1.0,,,1,0,0,,0.3999166666666658,none
constraint_activation,capacity_040,28,70,0.9999904559117734,0.8245107152935145,0.9999904559117734,0.9216879494034056,0.1300338256025599,0.23932862900988677,1.0,,,1,0,0,,0.3999166666666658,disturbance
constraint_activation,capacity_040,29,71,0.9999999995679849,0.880005993910762,0.9999999995679849,1.0,0.10492443086178575,0.19790548075255976,1.0,,,1,0,0,,0.3999166666666658,none
constraint_activation,capacity_040,30,72,0.8264575051350157,0.8264575051350157,0.9999999724900307,0.6212262089757211,0.32256372199387945,0.3083626787381285,1.0,,,1,0,0,,0.3999166666666658,trust
constraint_activation,capacity_040,31,73,0.9999922690340809,0.8790861813605377,0.999999532357656,1.0,0.1364150715396039,0.1870060117939343,1.0,,,1,0,0,,0.3999166666666658,none
constraint_activation,capacity_040,32,74,0.977710486917281,0.8807049968705952,0.9999998130978409,0.8444751647829574,0.22223455051790683,0.22465144391116515,1.0,,,1,0,0,,0.3999166666666658,disturbance
constraint_activation,capacity_040,33,75,0.90398394963469,0.8469200038606906,0.9999999999976656,0.7976861704457258,0.10605220919031666,0.20474495881912275,1.0,,,1,0,0,,0.3999166666666658,trust
constraint_activation,capacity_040,34,76,0.9298419886914726,0.7523014270247456,0.9999500075243373,0.7907131548448327,0.17173631456807265,0.24128729633047957,0.9333333333333333,83,91,0,1,0,,0.3999166666666658,disturbance
constraint_activation,capacity_040,35,77,0.9348149834780713,0.6543471377876257,0.9904171738204358,0.8216342267001937,0.13618928378711434,0.2147020509324295,0.7166666666666667,57,70,0,1,0,,0.3999166666666658,tie
constraint_activation,capacity_040,36,78,0.932466472540625,0.8819809861178739,0.9999717090898728,0.775869433689952,0.2713129602037292,0.29830074060262013,1.0,,,1,0,0,,0.3999166666666658,disturbance
constraint_activation,capacity_040,37,79,0.9999999560366141,0.8822678884995288,0.9999999560366141,1.0,0.14130667992737136,0.148138602195781,1.0,,,1,0,0,,0.3999166666666658,none
constraint_activation,capacity_040,38,80,0.9999999999688566,0.8781032849375418,0.9999999999688566,0.985808403276505,0.21703304210731336,0.21690605007273736,1.0,,,1,0,0,,0.3999166666666658,none
constraint_activation,capacity_040,39,81,0.872399510802083,0.7443491584373351,0.9999999633526524,0.7543601398417003,0.1424151181690178,0.20084666714793445,0.9333333333333333,90,98,0,1,0,,0.3999166666666658,trust
constraint_activation,capacity_040,40,82,0.9957724413100512,0.8794462240727011,0.9999642859047302,0.9342355628775945,0.15994776912667863,0.20129288677243048,1.0,,,1,0,0,,0.3999166666666658,none
constraint_activation,capacity_040,41,83,0.9999992027692762,0.8227234189113638,0.9999992027692762,0.9620719709892859,0.16829015735133473,0.20906708202598046,1.0,,,1,0,0,,0.3999166666666658,disturbance
constraint_activation,capacity_040,42,84,0.9940838966564328,0.815976276977318,0.9993397335927517,0.9114400948301531,0.16060703509357632,0.20890918499051783,1.0,,,1,0,0,,0.3999166666666658,disturbance
constraint_activation,capacity_040,43,85,0.992480748879275,0.8624786602191373,0.9999895314765365,0.8727981021515898,0.22221888088616243,0.21626794954935782,1.0,,,1,0,0,,0.3999166666666658,trust
constraint_activation,capacity_040,44,86,0.8998769289246388,0.7554718555917896,0.9999995299379125,0.7870630838894269,0.2123065872765116,0.24339495994395868,0.9416666666666667,94,101,0,1,0,,0.3999166666666658,disturbance
constraint_activation,capacity_040,45,87,0.9999999186681965,0.755002930271765,0.9999999186681965,1.0,0.13187525327333868,0.204913829319364,0.9416666666666667,56,63,0,1,0,,0.39991666666666587,tie
constraint_activation,capacity_040,46,88,0.9958089548521333,0.7454075100663704,0.9999948496951097,0.8968770188295005,0.16427928394444738,0.22860894443546292,0.925,76,85,0,1,0,,0.3999166666666658,trust
constraint_activation,capacity_040,47,89,0.9999999311760057,0.7983406944983257,0.9999999311760057,1.0,0.12058200103276397,0.20131574358414842,0.9916666666666667,39,40,0,1,0,,0.3999166666666658,disturbance
constraint_activation,capacity_040,48,90,0.9258775197087984,0.8830499123837365,0.999999997436059,0.7836832461472045,0.17680205076091174,0.24445083880832488,1.0,,,1,0,0,,0.39991666666666587,disturbance
constraint_activation,capacity_040,49,91,0.9423215615554945,0.7507820465475679,0.999998136983991,0.8619065318086149,0.11547862898151647,0.18843717018382916,0.9416666666666667,107,114,0,1,0,,0.3999166666666658,tie
constraint_activation,smoothing_low,0,42,0.9999999999999999,0.8852667046790313,0.9999999999999999,0.9430731246062046,0.08676717182280257,0.15727981417474282,1.0,,,1,0,0,,0.9916523828118553,none
constraint_activation,smoothing_low,1,43,0.9999781901873896,0.8532565988006563,0.9999999998976518,1.0,0.1402861053223184,0.12233882764239075,1.0,,,1,0,0,,0.9949166666666667,disturbance
constraint_activation,smoothing_low,2,44,0.9999999999999999,0.8775020652415447,0.9999999999999999,1.0,0.14213877170769768,0.12019486682179494,1.0,,,1,0,0,,0.9925416478463883,disturbance
constraint_activation,smoothing_low,3,45,0.9999999999999999,0.8811173820944553,0.9999999999999999,1.0,0.15450294569026743,0.12962942230437408,1.0,,,1,0,0,,0.9914377926156075,none
constraint_activation,smoothing_low,4,46,0.9999999999994494,0.8800723353853783,0.9999999999994494,1.0,0.147302749177948,0.11215272664399237,1.0,,,1,0,0,,0.9922088749433352,disturbance
constraint_activation,smoothing_low,5,47,0.9999999999999944,0.8802791873412943,0.9999999999999944,1.0,0.11350912964102891,0.11923722494438076,1.0,,,1,0,0,,0.9923191520842157,none
constraint_activation,smoothing_low,6,48,0.9999999999999999,0.8824316776658607,0.9999999999999999,1.0,0.10723324198779521,0.10857678539543722,1.0,,,1,0,0,,0.9922762202593144,disturbance
constraint_activation,smoothing_low,7,49,0.9999999999999999,0.8817976045435539,0.9999999999999999,1.0,0.0919863016556971,0.17624546841952296,1.0,,,1,0,0,,0.9917585480361872,none
constraint_activation,smoothing_low,8,50,0.9999999999999999,0.8812990088698391,0.9999999999999999,1.0,0.1404435383003247,0.10484126941844432,1.0,,,1,0,0,,0.9924218230964026,disturbance
constraint_activation,smoothing_low,9,51,0.9999645287102604,0.8806548402158217,0.9999999991559474,1.0,0.13531057173507902,0.1378374845357118,1.0,,,1,0,0,,0.9919787213349182,none
constraint_activation,smoothing_low,10,52,0.9999999999999999,0.8831958749600782,0.9999999999999999,1.0,0.0701567355162888,0.10385110236550583,1.0,,,1,0,0,,0.9922388462270365,none
constraint_activation,smoothing_low,11,53,0.9999999999999999,0.8753976809414177,0.9999999999999999,1.0,0.1680071759252886,0.14441028229289626,1.0,,,1,0,0,,0.9929508315525056,none
constraint_activation,smoothing_low,12,54,0.9999999999999999,0.8829791753063563,0.9999999999999999,0.8955540006495344,0.2832803380884777,0.23183644553700117,1.0,,,1,0,0,,0.9922309238069337,disturbance
constraint_activation,smoothing_low,13,55,0.9999999999999999,0.8759530841212197,0.9999999999999999,1.0,0.1529696442817545,0.11627888339161206,1.0,,,1,0,0,,0.9928606803399195,none
constraint_activation,smoothing_low,14,56,0.9999999999999999,0.878829108935357,0.9999999999999999,1.0,0.10988234054476369,0.16774052209717583,1.0,,,1,0,0,,0.9926686492354322,none
constraint_activation,smoothing_low,15,57,0.9999999999999999,0.8548710116687164,0.9999999999999999,0.9909821317978635,0.18646240415255877,0.17153751435920023,1.0,,,1,0,0,,0.9948852798697734,none
constraint_activation,smoothing_low,16,58,0.9999999999999999,0.8819213361427307,0.9999999999999999,1.0,0.15720580607297105,0.1601440789895853,1.0,,,1,0,0,,0.9916496198503413,none
constraint_activation,smoothing_low,17,59,0.9999999951109658,0.8691513885678213,0.9999999951109658,0.981843347928293,0.21016447144759648,0.16682785856803023,1.0,,,1,0,0,,0.9932168856951847,none
constraint_activation,smoothing_low,18,60,0.9999999999999999,0.8794481705859718,0.9999999999999999,1.0,0.12443630584384725,0.14559630496543352,1.0,,,1,0,0,,0.9923447617763043,none
constraint_activation,smoothing_low,19,61,0.9999999999999999,0.8775502409403673,0.9999999999999999,1.0,0.09654518591669435,0.11407497056647732,1.0,,,1,0,0,,0.9928230653913932,none
constraint_activation,smoothing_low,20,62,0.9999999999999881,0.8809851746953272,0.9999999999999881,1.0,0.08446532366169542,0.09010110559361238,1.0,,,1,0,0,,0.9925407207599505,disturbance
constraint_activation,smoothing_low,21,63,0.9999999999999999,0.879942028360133,0.9999999999999999,1.0,0.18597796844707865,0.14624382274004533,1.0,,,1,0,0,,0.9923139017324208,none
constraint_activation,smoothing_low,22,64,0.9999999999999999,0.8783549672272808,0.9999999999999999,0.9924036298813237,0.13005707027577412,0.18482570683349303,1.0,,,1,0,0,,0.9925030092968808,disturbance
constraint_activation,smoothing_low,23,65,0.9999999999999999,0.8802621928066567,0.9999999999999999,1.0,0.08760741439566064,0.14939835106834445,1.0,,,1,0,0,,0.9925329448882763,none
constraint_activation,smoothing_low,24,66,0.9999999999999999,0.881041915515405,0.9999999999999999,0.9810870104017512,0.18655976835831764,0.17675549666448703,1.0,,,1,0,0,,0.9921039407096284,none
constraint_activation,smoothing_low,25,67,0.999999999999792,0.8747003532842834,0.999999999999792,1.0,0.17525131356976395,0.13807855953921983,1.0,,,1,0,0,,0.9930828238224608,disturbance
constraint_activation,smoothing_low,26,68,0.9999999999999999,0.8737260506356235,0.9999999999999999,1.0,0.11103650621301685,0.12653898790089046,1.0,,,1,0,0,,0.9931313358740996,none
constraint_activation,smoothing_low,27,69,0.9999999999999999,0.8849385617384334,0.9999999999999999,1.0,0.10842874362473653,0.15242069068414443,1.0,,,1,0,0,,0.9914146040641787,none
constraint_activation,smoothing_low,28,70,0.9999999999999999,0.8816979641686139,0.9999999999999999,1.0,0.08159208066229864,0.15067532880102374,1.0,,,1,0,0,,0.9923682896290089,disturbance
constraint_activation,smoothing_low,29,71,0.9999999999999999,0.880005993910762,0.9999999999999999,1.0,0.07363753268892546,0.12413359515252126,1.0,,,1,0,0,,0.9925041251180429,none
constraint_activation,smoothing_low,30,72,0.9999999999999999,0.8764501564785736,0.9999999999999999,0.8742196638642061,0.21996615863591096,0.19673815765899555,1.0,,,1,0,0,,0.9929401646497085,none
constraint_activation,smoothing_low,31,73,0.9999999999999999,0.8790861813605377,0.9999999999999999,1.0,0.10417145484633614,0.11797441404886595,1.0,,,1,0,0,,0.9926603345150781,none
constraint_activation,smoothing_low,32,74,0.9999999999999999,0.8807049968705952,0.9999999999999999,1.0,0.16902636841378185,0.14447470666277626,1.0,,,1,0,0,,0.9921760681523106,none
constraint_activation,smoothing_low,33,75,0.9999999999999999,0.8818187889688145,0.9999999999999999,1.0,0.07003561145795091,0.12481849155430322,1.0,,,1,0,0,,0.9921689500264463,none
constraint_activation,smoothing_low,34,76,0.9999999310104427,0.8757624401487217,0.9999999999996356,1.0,0.12640928150181557,0.15090418219153576,1.0,,,1,0,0,,0.9928836961547014,none
constraint_activation,smoothing_low,35,77,0.9998006443941365,0.8822152248609108,0.9999999976716731,1.0,0.09718948195319582,0.14935455992926994,1.0,,,1,0,0,,0.9915498293679726,disturbance
constraint_activation,smoothing_low,36,78,0.9999999999999999,0.8819809861178739,0.9999999999999999,0.9080610051335256,0.18580805846567935,0.184593416323857,1.0,,,1,0,0,,0.9919209954408371,none
constraint_activation,smoothing_low,37,79,0.9999999999999999,0.8822678884995288,0.9999999999999999,1.0,0.1184233895404484,0.10299655619451856,1.0,,,1,0,0,,0.9919004276835167,none
constraint_activation,smoothing_low,38,80,0.9999999999999999,0.8781032849375418,0.9999999999999999,1.0,0.17001012931404896,0.1509522783883831,1.0,,,1,0,0,,0.9927440257249642,none
constraint_activation,smoothing_low,39,81,0.9999999873170808,0.8796276254344716,0.9999999999999644,1.0,0.09172084834712263,0.11521604611938502,1.0,,,1,0,0,,0.9926145308475885,none
constraint_activation,smoothing_low,40,82,0.9999999999999999,0.8794462240727011,0.9999999999999999,1.0,0.1297461618635771,0.14194439904372347,1.0,,,1,0,0,,0.9926219760226566,none
constraint_activation,smoothing_low,41,83,0.9999999999999999,0.8771861814525174,0.9999999999999999,1.0,0.12963873933706976,0.1409433593542029,1.0,,,1,0,0,,0.992482575241988,none
constraint_activation,smoothing_low,42,84,0.9999999999999999,0.8754734778340162,0.9999999999999999,1.0,0.12485621092940034,0.14786290237188096,1.0,,,1,0,0,,0.9927758969003623,none
constraint_activation,smoothing_low,43,85,0.9999999999999999,0.8796738492772679,0.9999999999999999,1.0,0.17838114498746577,0.14592259941081553,1.0,,,1,0,0,,0.9920666266388593,none
constraint_activation,smoothing_low,44,86,0.9999992406028535,0.8830072773074054,0.9999999999999765,1.0,0.17580578649937545,0.17591703815387333,1.0,,,1,0,0,,0.9912761884260697,none
constraint_activation,smoothing_low,45,87,0.9999999999997464,0.8813273597379143,0.9999999999997464,1.0,0.09900919152031844,0.1341961428695571,1.0,,,1,0,0,,0.9920011272004031,disturbance
constraint_activation,smoothing_low,46,88,0.9999999518428964,0.8810766845400121,0.9999999999873238,1.0,0.1006614999883633,0.1441588169257953,1.0,,,1,0,0,,0.9924635395812296,disturbance
constraint_activation,smoothing_low,47,89,0.9999999999999999,0.8762861067801099,0.9999999999999999,1.0,0.08950139738472053,0.1309105272644431,1.0,,,1,0,0,,0.9929549641779342,none
constraint_activation,smoothing_low,48,90,0.9999999999999999,0.8830499123837365,0.9999999999999999,1.0,0.12073483071489094,0.1665562460637559,1.0,,,1,0,0,,0.9919522543362073,none
constraint_activation,smoothing_low,49,91,0.9997755767423199,0.882111217941392,0.9999999999999999,1.0,0.0897716716789027,0.13654327531212757,1.0,,,1,0,0,,0.9924266010889969,none
constraint_activation,disturbance_high,0,42,0.8665458562640325,0.7694718296535746,0.9997487382959281,0.8178295637460926,0.0948909673691308,0.1707331542522646,0.9666666666666667,114,118,0,1,0,,0.8441242663985326,disturbance
constraint_activation,disturbance_high,1,43,0.8775011552884783,0.5826193311298262,0.9997632434128103,0.7615938802830768,0.21941301854381956,0.19614672893800456,0.8416666666666667,45,49,0,1,0,,0.869021531606419,disturbance
constraint_activation,disturbance_high,2,44,0.8732128939918044,0.7649290891945114,0.9995556982522436,0.7626988060140664,0.15675945548871123,0.15335854808845517,0.9416666666666667,42,43,0,1,0,,0.8568942280546692,disturbance
constraint_activation,disturbance_high,3,45,0.973760206641788,0.7259415289406135,0.9968335160031295,0.8764543652379192,0.16739012202743425,0.14462084408214898,0.85,11,12,0,1,0,,0.8592435494537781,disturbance
constraint_activation,disturbance_high,4,46,0.9848862285393604,0.7309026906170009,0.9999793866986845,0.8625523624064906,0.35709918781473227,0.2129746883327855,0.9166666666666666,41,51,0,1,0,,0.8351868003813062,disturbance
constraint_activation,disturbance_high,5,47,0.9604505072335511,0.6483414949341815,0.9992616976800408,0.8494559886425059,0.12010815756066773,0.12882832640848443,0.8166666666666667,7,13,0,1,0,,0.8939570140183614,disturbance
constraint_activation,disturbance_high,6,48,0.9876990413725518,0.7407277600645918,0.9891064957834144,0.9079542670807558,0.11544962359315501,0.12351062135002844,0.925,30,34,0,1,0,,0.8611734819141037,disturbance
constraint_activation,disturbance_high,7,49,0.7292207925499823,0.7282776650442312,0.9959469579885982,0.5257959416434291,0.22859610122476792,0.31468831417647153,0.9166666666666666,3,4,0,1,1,ended_below_threshold,0.8668555186348962,disturbance
constraint_activation,disturbance_high,8,50,0.9889671549882353,0.7051407241739018,0.9998960438126242,0.8768604094785273,0.15132892950927587,0.133481321949509,0.95,32,38,0,1,0,,0.8387422907604442,disturbance
constraint_activation,disturbance_high,9,51,0.9715043252151765,0.7079508014875284,0.9981677990393499,0.9050274152351039,0.14591044007967505,0.15367705749225805,0.9416666666666667,49,56,0,1,0,,0.8775785504270305,disturbance
constraint_activation,disturbance_high,10,52,0.9989778880764659,0.8831958749600782,0.9999933316503581,1.0,0.08319892287933978,0.12451294624457551,1.0,,,1,0,0,,0.8216522132270083,disturbance
constraint_activation,disturbance_high,11,53,0.998128182472447,0.7564466352432265,0.9984866111350423,1.0,0.17824157622764847,0.16176154478399657,0.9666666666666667,71,75,0,1,0,,0.8390415615672052,disturbance
constraint_activation,disturbance_high,12,54,0.9002491908288586,0.6463237746507163,0.9985943915692297,0.7233838470579136,0.37153968222700856,0.2800063701288348,0.8333333333333334,11,21,0,1,0,,0.8806854298779405,disturbance
constraint_activation,disturbance_high,13,55,0.9998605604493754,0.7134100365697498,0.9998605604493754,1.0,0.16473441749451642,0.13521741997430958,0.85,47,51,0,1,0,,0.8761398774849563,disturbance
constraint_activation,disturbance_high,14,56,0.9510737526503141,0.7311289782266774,0.9988080052417001,0.8182563176466774,0.13561342779468097,0.2073644465694854,0.9583333333333334,31,36,0,1,0,,0.8478545059717796,disturbance
constraint_activation,disturbance_high,15,57,0.8598372951848394,0.7405309754938364,0.9968877640554075,0.7946259136983843,0.1951250499451382,0.18595920358637522,0.8166666666666667,4,5,0,1,0,,0.8764223835607976,disturbance
constraint_activation,disturbance_high,16,58,0.9757309956726032,0.6175566733801577,0.9999008747173912,0.8474684607388339,0.16569364409725607,0.1763494276675568,0.9333333333333333,65,73,0,1,0,,0.8194438949951087,disturbance
constraint_activation,disturbance_high,17,59,0.8673915024732861,0.7194585752589554,0.9998340361114445,0.7697701910225414,0.21654231105606073,0.18149784344757358,0.9166666666666666,35,43,0,1,0,,0.8513066796422472,tie
constraint_activation,disturbance_high,18,60,0.9319670645854278,0.7441756260331661,0.9956617792489408,0.8219538916491108,0.13778258447993047,0.17199523278476614,0.9416666666666667,48,54,0,1,0,,0.8839346828136374,disturbance
constraint_activation,disturbance_high,19,61,0.9998865513913301,0.7408317696268423,0.9998865513913301,0.994531239530384,0.10772402877722446,0.1404960043641837,0.925,34,37,0,1,0,,0.8378961659155865,disturbance
constraint_activation,disturbance_high,20,62,0.9793989927336256,0.7877830649444494,0.9995153839281742,0.9482609357604044,0.09513335397097303,0.1130345917678732,0.975,82,85,0,1,0,,0.8521173298435939,disturbance
constraint_activation,disturbance_high,21,63,0.9944858620806786,0.8138963818632924,0.9999972403677237,0.9837923701937576,0.19745964525254414,0.16356985718331618,1.0,,,1,0,0,,0.8210055784023879,disturbance
constraint_activation,disturbance_high,22,64,0.7466404111963322,0.6513934237987361,0.99924615326516,0.5975517889057671,0.6338367968623089,0.29816722677132873,0.7083333333333334,7,18,0,1,1,ended_below_threshold,0.8863843392802803,disturbance
constraint_activation,disturbance_high,23,65,0.9669978971445273,0.8081830527823117,0.999997201522144,0.8182546241000022,0.3022369551764302,0.2511010330481949,1.0,,,1,0,0,,0.8315944834226144,disturbance
constraint_activation,disturbance_high,24,66,0.9661297697628365,0.7816975737342244,0.9999627332946613,0.8352312507045988,0.2140300537246318,0.21378211904511119,0.975,36,39,0,1,0,,0.8391073498204639,disturbance
constraint_activation,disturbance_high,25,67,0.6437736534932116,0.6437736534932116,0.9998842094352446,0.40655720830291187,0.34873134499811437,0.3124809148997416,0.8833333333333333,3,5,0,1,1,ended_below_threshold,0.847683777606851,tie
constraint_activation,disturbance_high,26,68,0.9990467537970669,0.7594531762057982,0.999999790389162,0.9726951945821031,0.12133473691069925,0.1419644364632397,0.95,91,93,0,1,0,,0.8322571295954735,disturbance
constraint_activation,disturbance_high,27,69,0.9979479327160744,0.8800881676520552,0.9999069842414577,0.8783438929074149,0.21496402839269152,0.2409045046014952,1.0,,,1,0,0,,0.8212733068494734,disturbance
constraint_activation,disturbance_high,28,70,0.9999166379842104,0.5803411751137368,0.9999166379842104,1.0,0.09095553232886305,0.16479616630443503,0.7833333333333333,6,16,0,1,0,,0.8596875808127126,disturbance
constraint_activation,disturbance_high,29,71,0.9969253531470273,0.6027411769837128,0.9999504080553099,1.0,0.0833518487696295,0.14345871509234495,0.8583333333333333,12,16,0,1,0,,0.8344675553878615,disturbance
constraint_activation,disturbance_high,30,72,0.7958517434067693,0.7218296587145043,0.9976225739461639,0.5963146990114325,0.2711205061548739,0.26042584808201064,0.925,81,89,0,1,1,ended_below_threshold,0.8702032925221511,disturbance
constraint_activation,disturbance_high,31,73,0.9629308492781846,0.7818324208883429,0.9984067818930248,0.869326448750723,0.5946122211742734,0.21504113735682653,0.9666666666666667,95,96,0,1,0,,0.8598419490596048,disturbance
constraint_activation,disturbance_high,32,74,0.8881278901045936,0.8522153114559751,0.9999996404317133,0.784466394090221,0.1752860100642292,0.1685829857202637,1.0,,,1,0,0,,0.8445639092343712,disturbance
constraint_activation,disturbance_high,33,75,0.9004330822431204,0.6603397090546709,0.9999972866770388,0.8923361429211301,0.0797892356240863,0.14336912007834737,0.9416666666666667,110,117,0,1,0,,0.8392342575765681,disturbance
constraint_activation,disturbance_high,34,76,0.8648036888610684,0.5005343169399494,0.9997820935374531,0.7573308965136192,0.17015031177184786,0.20505435835391533,0.8166666666666667,9,30,0,1,0,,0.8718290424532495,disturbance
constraint_activation,disturbance_high,35,77,0.8874129877992883,0.6465906491849913,0.9966527621665666,0.7136178540665877,0.30911380573527303,0.24476182864064305,0.7833333333333333,15,19,0,1,0,,0.8770352088561676,disturbance
constraint_activation,disturbance_high,36,78,0.9121406831294064,0.698846907701068,0.9999246356548536,0.7332530399431161,0.19905891608317014,0.20848069516981513,0.8916666666666667,19,32,0,1,0,,0.8583338478322226,disturbance
constraint_activation,disturbance_high,37,79,0.981434344028873,0.8176212773060378,0.9999412325919886,0.8595654619807543,0.6129778509489517,0.2124940397955695,1.0,,,1,0,0,,0.8174966212438732,disturbance
constraint_activation,disturbance_high,38,80,0.99046379265139,0.782795197650521,0.9999766814370572,0.8506441580643174,0.17895574182677784,0.1709257353626585,0.9666666666666667,91,93,0,1,0,,0.8629898143060062,disturbance
constraint_activation,disturbance_high,39,81,0.9565813203551632,0.6864082548822381,0.9999878144839851,0.8925407383454184,0.10378143217938603,0.13331065303122,0.9166666666666666,60,63,0,1,0,,0.8413936949920341,disturbance
constraint_activation,disturbance_high,40,82,0.9807597897832148,0.816539332632172,0.9996595649592459,0.841338000704222,0.35976724969649976,0.24672323170875915,1.0,,,1,0,0,,0.8598608755859632,disturbance
constraint_activation,disturbance_high,41,83,0.8832952458305042,0.6127473858217923,0.9995354827119828,0.7403884540446463,0.1738268875525284,0.20636117747708177,0.9166666666666666,31,41,0,1,0,,0.8643807112018506,disturbance
constraint_activation,disturbance_high,42,84,0.9825299783578353,0.746460620045653,0.9995594551075166,0.8450369016577091,0.13780444810399123,0.17720359040390823,0.925,26,30,0,1,0,,0.8716273449148394,disturbance
constraint_activation,disturbance_high,43,85,0.8535063642036815,0.7566214338119889,0.9999881975411267,0.80066505870147,0.1921283062488518,0.17350006786504513,0.9666666666666667,114,118,0,1,0,,0.8201453942317014,disturbance
constraint_activation,disturbance_high,44,86,0.9816863323542078,0.7010762684578196,0.9990688679893263,0.9457760039229636,0.18780111519303544,0.19554773060712233,0.9166666666666666,92,99,0,1,0,,0.8485909170446945,disturbance
constraint_activation,disturbance_high,45,87,0.9952418809942853,0.6954055694394736,0.999982516322084,0.8724320335392245,0.20309774160992228,0.220337959774298,0.875,42,48,0,1,0,,0.8606163624748542,disturbance
constraint_activation,disturbance_high,46,88,0.936737279722364,0.7516133923809741,0.9999855966314846,0.7412433199782399,0.3132820006426811,0.2598813037878511,0.9416666666666667,25,30,0,1,0,,0.8290632304500585,disturbance
constraint_activation,disturbance_high,47,89,0.9891479296384208,0.7462678479820064,0.9999958163476941,1.0,0.10012336177025385,0.1521980307954516,0.9583333333333334,1,5,0,1,0,,0.8404455187364713,disturbance
constraint_activation,disturbance_high,48,90,0.987832392306146,0.8571180517692072,0.9993807936496963,0.8911138404772591,0.1332626426403972,0.18221109466277505,1.0,,,1,0,0,,0.8365913911774736,disturbance
constraint_activation,disturbance_high,49,91,0.9903870601900113,0.7020936672397575,0.999282329558353,1.0,0.10136210701042653,0.15915874430023674,0.9333333333333333,84,90,0,1,0,,0.8496969654245096,disturbance
constraint_activation,combined_constraint,0,42,0.3816677703751684,0.3616710378708912,0.9718234706359475,0.052744395239789243,0.2383603875188547,0.4036268099550957,0.38333333333333336,5,21,0,1,1,ended_below_threshold,0.3999166666666658,disturbance
constraint_activation,combined_constraint,1,43,0.3579302265258121,0.2702429648426856,0.9240668348321562,0.02600063836651094,0.42917985898482414,0.4023218847173635,0.10833333333333334,2,7,0,1,1,ended_below_threshold,0.3999166666666658,disturbance
constraint_activation,combined_constraint,2,44,0.46070600578206256,0.28237735626922034,0.9052514223653239,0.13829038774769326,0.33748706196885886,0.37123183736210924,0.06666666666666667,7,94,0,1,1,ended_below_threshold,0.3999166666666658,disturbance
constraint_activation,combined_constraint,3,45,0.5424562465479689,0.2853346733007752,0.9553853615267758,0.30639358172517805,0.24586888881749103,0.28204065458371896,0.058333333333333334,7,,0,0,1,never_recovered,0.3999166666666658,disturbance
constraint_activation,combined_constraint,4,46,0.9270701245246602,0.28230697392629256,0.9919103876872274,0.7704546983235326,0.4869665459787582,0.2760044431676614,0.175,6,105,0,1,0,,0.3999166666666658,disturbance
constraint_activation,combined_constraint,5,47,0.4383671221151455,0.24696500810320227,0.9060985890421177,0.15789024628081505,0.22198522790715927,0.30679308235495195,0.03333333333333333,4,,0,0,1,never_recovered,0.3999166666666658,disturbance
constraint_activation,combined_constraint,6,48,0.5219524201321221,0.29003357814978964,0.9733122736961034,0.29674661918579665,0.1722061916963538,0.2601929681980141,0.075,9,,0,0,1,never_recovered,0.39991666666666587,disturbance
constraint_activation,combined_constraint,7,49,0.2849428209357954,0.276877780257843,0.830969545919554,0.0,0.5206107019986769,0.5698867756819642,0.016666666666666666,2,,0,0,1,never_recovered,0.3999166666666658,disturbance
constraint_activation,combined_constraint,8,50,0.6696156988065771,0.3163625632596747,0.9484606253326602,0.4773197905522029,0.24363611053134643,0.26055031252610883,0.20833333333333334,4,17,0,1,1,ended_below_threshold,0.3999166666666658,disturbance
constraint_activation,combined_constraint,9,51,0.46114572716966606,0.2589797091141511,0.9734897576001768,0.2112777493311565,0.21227781437522725,0.29493404113103566,0.13333333333333333,14,29,0,1,1,ended_below_threshold,0.3999166666666658,disturbance
constraint_activation,combined_constraint,10,52,0.8998409076694348,0.5745940899274435,0.9987767452763132,0.8296896283767421,0.10102364685515974,0.15895028105810352,0.43333333333333335,11,45,0,1,0,,0.3999166666666658,disturbance
constraint_activation,combined_constraint,11,53,0.7447964217503225,0.3359479072525317,0.902452120314111,0.627726861814086,0.20912952717319894,0.2255840787163167,0.2,9,17,0,1,1,ended_below_threshold,0.3999166666666658,tie
constraint_activation,combined_constraint,12,54,0.36601677168246416,0.2802996463358425,0.9380879024800721,0.031043716494124782,0.546916777659447,0.4730966574995384,0.075,9,,0,0,1,never_recovered,0.3999166666666658,disturbance
constraint_activation,combined_constraint,13,55,0.8920285570983484,0.25121664628641355,0.8920285570983484,0.803371243097508,0.18726038308589635,0.17519014352458373,0.06666666666666667,2,7,0,1,0,,0.3999166666666658,disturbance
constraint_activation,combined_constraint,14,56,0.42172377652793963,0.33048277728658454,0.9182035511645233,0.12668935140156293,0.2573815643416721,0.3921806219892607,0.125,6,16,0,1,1,ended_below_threshold,0.3999166666666658,disturbance
constraint_activation,combined_constraint,15,57,0.3503313546367028,0.268136895779398,0.8493382369563783,0.02518124553646435,0.34479948381277087,0.4193526139051635,0.05,2,16,0,1,1,ended_below_threshold,0.3999166666666658,disturbance
constraint_activation,combined_constraint,16,58,0.601697934143129,0.278385980109577,0.99983245803935,0.381189909656706,0.24055197132049264,0.31917670483396243,0.31666666666666665,24,35,0,1,1,ended_below_threshold,0.3999166666666658,disturbance
constraint_activation,combined_constraint,17,59,0.4347110825646329,0.26237917048724696,0.9681016526170836,0.09953334877464769,0.3837298354283082,0.4059172282376712,0.3333333333333333,3,9,0,1,1,ended_below_threshold,0.3999166666666658,tie
constraint_activation,combined_constraint,18,60,0.42995292060527346,0.289251946309518,0.9841713759008861,0.12904642304750225,0.25902455671221386,0.36823782068859334,0.11666666666666667,14,,0,0,1,never_recovered,0.3999166666666658,disturbance
constraint_activation,combined_constraint,19,61,0.7890906160450981,0.3119554618515952,0.9971710056907308,0.6674087431291358,0.160149538540026,0.22384067742472216,0.14166666666666666,17,,0,0,1,never_recovered,0.3999166666666658,disturbance
constraint_activation,combined_constraint,20,62,0.6256788131518396,0.28888889783421456,0.9445040758459654,0.4451682876104909,0.1430791181976214,0.2237091548175209,0.25833333333333336,31,,0,0,1,never_recovered,0.3999166666666658,disturbance
constraint_activation,combined_constraint,21,63,0.7185783746897703,0.47796303655986944,0.9863161399967598,0.5775654018993991,0.23938756660393956,0.24121788247828688,0.4083333333333333,11,20,0,1,1,ended_below_threshold,0.3999166666666658,disturbance
constraint_activation,combined_constraint,22,64,0.27316373341170996,0.25898982117095326,0.9365050283930112,0.0,0.8356231759406609,0.5842033934846338,0.075,6,58,0,1,1,ended_below_threshold,0.3999166666666658,disturbance
constraint_activation,combined_constraint,23,65,0.5580958088280129,0.35400911650657524,0.9993326455686863,0.31384670295861866,0.45282647159518213,0.3627795706277416,0.3416666666666667,5,36,0,1,1,ended_below_threshold,0.3999166666666658,disturbance
constraint_activation,combined_constraint,24,66,0.4989008769268761,0.33226044063955074,0.99938205391647,0.22727338973301078,0.37568554140040034,0.363934505029809,0.3,3,4,0,1,1,ended_below_threshold,0.3999166666666658,disturbance
constraint_activation,combined_constraint,25,67,0.3404222953967686,0.2901070267514394,0.9513117844294924,0.0,0.5982785858789373,0.558305441156972,0.15833333333333333,1,81,0,1,1,ended_below_threshold,0.3999166666666658,tie
constraint_activation,combined_constraint,26,68,0.763429849056182,0.275442445914898,0.9999889240881457,0.6280081889965896,0.17290323027831406,0.23591288484328496,0.5083333333333333,61,,0,0,1,never_recovered,0.3999166666666658,disturbance
constraint_activation,combined_constraint,27,69,0.8743591733613123,0.5984184321573507,0.9875309616627513,0.6928472274787114,0.32180022802009983,0.31929319257813527,0.5333333333333333,12,29,0,1,0,,0.3999166666666658,disturbance
constraint_activation,combined_constraint,28,70,0.874821981739972,0.24502161732751654,0.9172841753458352,0.7625836703698022,0.12688268220875334,0.2334230367346026,0.375,4,58,0,1,0,,0.3999166666666658,disturbance
constraint_activation,combined_constraint,29,71,0.8234600299911531,0.25980074184311563,0.9901220219135716,0.7298443724220733,0.10889039619865414,0.20850985464664637,0.31666666666666665,8,74,0,1,0,,0.3999166666666658,disturbance
constraint_activation,combined_constraint,30,72,0.4338656079088694,0.2876686402689997,0.8256220978545736,0.05180513767010342,0.5370578985900613,0.5040271815691999,0.016666666666666666,2,,0,0,1,never_recovered,0.3999166666666658,disturbance
constraint_activation,combined_constraint,31,73,0.501913294461738,0.31434414708792063,0.9962342693372754,0.2554590728462609,0.6348744345666056,0.3253103073118527,0.15833333333333333,19,,0,0,1,never_recovered,0.3999166666666658,disturbance
constraint_activation,combined_constraint,32,74,0.42965349382362933,0.4260135917238175,0.9995785286042616,0.10638161841259398,0.33036909676868287,0.387586857474354,0.5333333333333333,8,20,0,1,1,ended_below_threshold,0.3999166666666658,disturbance
constraint_activation,combined_constraint,33,75,0.43465863819948175,0.2701767274727967,0.9963246365560766,0.17785498303044817,0.14869068410433006,0.31738488802705356,0.4583333333333333,14,23,0,1,1,ended_below_threshold,0.3999166666666658,disturbance
constraint_activation,combined_constraint,34,76,0.5101525503669614,0.2687610529917841,0.9701588174028642,0.18882112216329783,0.3432633739426999,0.4264571023108904,0.13333333333333333,7,103,0,1,1,ended_below_threshold,0.3999166666666658,disturbance
constraint_activation,combined_constraint,35,77,0.33915632167007476,0.23747098963437774,0.9552583327031421,0.0,0.5164258887652358,0.4482929422164372,0.09166666666666666,11,,0,0,1,never_recovered,0.3999166666666658,disturbance
constraint_activation,combined_constraint,36,78,0.6046133384705519,0.2734581018174073,0.9622668732979072,0.3328352620332017,0.3563573398923786,0.3883158103744074,0.16666666666666666,10,56,0,1,1,ended_below_threshold,0.3999166666666658,disturbance
constraint_activation,combined_constraint,37,79,0.8513806599883957,0.42358329252956356,0.9803864344756398,0.6593426534792561,0.668524697764183,0.2874822585680722,0.3416666666666667,6,33,0,1,0,,0.3999166666666658,disturbance
constraint_activation,combined_constraint,38,80,0.5535598220561719,0.2900632627108533,0.9654568242995646,0.32147743923658134,0.2715764961055861,0.30744728332751525,0.31666666666666665,9,17,0,1,1,ended_below_threshold,0.3999166666666658,disturbance
constraint_activation,combined_constraint,39,81,0.47488328280474223,0.2503753599869054,0.9973040965116446,0.21285027550705565,0.18561302966174767,0.2904065826083688,0.325,18,36,0,1,1,ended_below_threshold,0.3999166666666658,disturbance
constraint_activation,combined_constraint,40,82,0.7506809597676957,0.3455407466365474,0.9399670772576395,0.5680795114107022,0.47036174621536325,0.32656306301531823,0.125,2,29,0,1,1,ended_below_threshold,0.3999166666666658,disturbance
constraint_activation,combined_constraint,41,83,0.4345310991936115,0.2987027788974821,0.9738959383730358,0.10770230001471559,0.36493630601721944,0.4162350752498835,0.225,26,55,0,1,1,ended_below_threshold,0.3999166666666658,disturbance
constraint_activation,combined_constraint,42,84,0.6740420389312591,0.2767513801885157,0.8767798636054838,0.4739838010859653,0.2286825049591321,0.3092234538939209,0.03333333333333333,3,106,0,1,1,ended_below_threshold,0.3999166666666658,disturbance
constraint_activation,combined_constraint,43,85,0.46459004978218343,0.3615409811575888,0.9990264161337691,0.14987407022278904,0.3127184574852052,0.37618358365893895,0.4,24,88,0,1,1,ended_below_threshold,0.3999166666666658,disturbance
constraint_activation,combined_constraint,44,86,0.540370321987258,0.29902734973925665,0.9563327002404345,0.32953115987121884,0.23242913040475652,0.30287204026401754,0.06666666666666667,7,72,0,1,1,ended_below_threshold,0.3999166666666658,disturbance
constraint_activation,combined_constraint,45,87,0.8938854973943565,0.2811157048696583,0.9899031779038238,0.6993441661128142,0.32240853974833455,0.3173845969023893,0.15,3,105,0,1,0,,0.3999166666666658,disturbance
constraint_activation,combined_constraint,46,88,0.7711031796000827,0.34882521614114004,0.9898880756344755,0.5036533366213727,0.5163536141582524,0.38329345843563256,0.3333333333333333,10,53,0,1,1,ended_below_threshold,0.3999166666666658,disturbance
constraint_activation,combined_constraint,47,89,0.6600824309426553,0.4288337203791124,0.99604397768361,0.5102269109782082,0.12925174344863086,0.23870646893043673,0.16666666666666666,1,78,0,1,1,ended_below_threshold,0.3999166666666658,disturbance
constraint_activation,combined_constraint,48,90,0.5748226236661719,0.37123011962867064,0.9897345851728667,0.3588197096993102,0.20690696501319103,0.3033884471398871,0.18333333333333332,12,23,0,1,1,ended_below_threshold,0.3999166666666658,disturbance
constraint_activation,combined_constraint,49,91,0.6659725477500142,0.28510653836153066,0.8518640366627198,0.5320666792137962,0.1251833406136136,0.22681739401259374,0.08333333333333333,2,9,0,1,1,ended_below_threshold,0.3999166666666658,disturbance
## END rewired_governance_diagnostic_runs.csv
