System-of-Eternity research outputs bundle
Generated from files in research_outputs/

===== bracket_test_rerun_runs.csv =====
governance_capacity,seed,final_cooperation,final_trust,stable_run,fragile_run
0.30,42,0.8506086627974597,0.5081573479085495,0,0
0.30,43,0.8916180016919172,0.7406067813305584,1,0
0.30,44,0.8133469428672333,0.33755773864682964,0,0
0.30,45,0.9387824369286066,0.8141254222109522,0,0
0.30,46,0.8741647212874842,0.638430995224045,0,0
0.30,47,0.8650137110165252,0.6084596032845891,0,0
0.30,48,0.9523353465429318,0.854488514122912,0,0
0.30,49,0.8805378015944967,0.6870792642585213,0,0
0.30,50,0.892415163245113,0.7236269388371336,0,0
0.30,51,0.7197283062800378,0.2914110333769773,0,1
0.30,52,0.8956568134989192,0.6565733304834851,0,0
0.30,53,0.8452909693813382,0.5930203741379506,0,0
0.30,54,0.8569873295615453,0.6235376259611379,0,0
0.30,55,0.9848511946797566,0.9381464357381762,0,0
0.30,56,0.7690437934043526,0.4856142962135577,0,1
0.30,57,0.702373555561192,0.31685186890596506,0,1
0.30,58,0.9220509732530945,0.7166487505559103,1,0
0.30,59,0.8018635651325748,0.5861278106231607,0,0
0.30,60,0.7010086902470402,0.29820618066324467,0,1
0.30,61,0.8564370885914221,0.4324122620791766,1,0
0.50,42,0.8519939016712876,0.509645437359195,1,0
0.50,43,0.8916180670812274,0.7406067813305584,1,0
0.50,44,0.8182490571852068,0.3461942837449223,0,0
0.50,45,0.9409250300430725,0.8164322534707528,0,0
0.50,46,0.8741647251920781,0.638430995224045,0,0
0.50,47,0.8650761071493306,0.6084596032845891,0,0
0.50,48,0.9531654055358336,0.854488514122912,0,0
0.50,49,0.8852055136436972,0.6949670878739224,0,0
0.50,50,0.8929943446580364,0.7249229605778923,0,0
0.50,51,0.7206726915986816,0.2914110333769773,0,1
0.50,52,0.8960389080230071,0.6565733304834851,0,0
0.50,53,0.8452909706581508,0.5930203741379506,0,0
0.50,54,0.8572220640704974,0.6240729180400978,0,0
0.50,55,0.9855804042565768,0.9385603296265184,0,0
0.50,56,0.7735257870481983,0.49195351905803564,0,1
0.50,57,0.7036614642008311,0.31685186890596506,0,1
0.50,58,0.9220514065416261,0.7166487505559103,1,0
0.50,59,0.8018635676215898,0.5861278106231607,0,0
0.50,60,0.7021054127378338,0.29820618066324467,0,1
0.50,61,0.8564371617685995,0.4324122620791766,1,0
0.70,42,0.8522993601360747,0.509645437359195,1,0
0.70,43,0.8916180877264637,0.7406067813305584,1,0
0.70,44,0.8188340590253855,0.3461942837449223,0,0
0.70,45,0.9415868504267093,0.8164322534707528,0,0
0.70,46,0.8741647252519751,0.638430995224045,0,0
0.70,47,0.867780772677566,0.613809417660165,0,0
0.70,48,0.9532788829916851,0.854488514122912,0,0
0.70,49,0.8858558682107783,0.6949670878739224,0,0
0.70,50,0.8932120271679598,0.725410564038527,1,0
0.70,51,0.7216600860836678,0.2914110333769773,0,1
0.70,52,0.9008156740871363,0.667271862970762,0,0
0.70,53,0.8452909713382626,0.5930203741379506,0,0
0.70,54,0.8575524332301989,0.6248271449626618,0,0
0.70,55,0.9860158254026186,0.9393898118417353,1,0
0.70,56,0.7742623925226391,0.49195351905803564,0,1
0.70,57,0.7046250214686521,0.31685186890596506,0,1
0.70,58,0.9220517141681116,0.7166487505559103,1,0
0.70,59,0.8018635680758567,0.5861278106231607,0,0
0.70,60,0.7029371583236235,0.29820618066324467,0,1
0.70,61,0.8564371824347154,0.4324122620791766,1,0
0.90,42,0.8522993615833159,0.509645437359195,1,0
0.90,43,0.8916180877494304,0.7406067813305584,1,0
0.90,44,0.8190271448204962,0.3461942837449223,0,0
0.90,45,0.9425719999396005,0.8172489635280124,0,0
0.90,46,0.874164725254325,0.638430995224045,0,0
0.90,47,0.8678028575648529,0.613809417660165,0,0
0.90,48,0.9532788829962735,0.854488514122912,0,0
0.90,49,0.8861075472725021,0.6949670878739224,0,0
0.90,50,0.8932120273807489,0.725410564038527,1,0
0.90,51,0.7224395609352703,0.2914110333769773,0,1
0.90,52,0.9011644741183444,0.667271862970762,0,0
0.90,53,0.845290971346734,0.5930203741379506,0,0
0.90,54,0.8575792638091,0.6248878087049935,0,0
0.90,55,0.9860158926872548,0.9393898118417353,1,0
0.90,56,0.7749989979969509,0.49195351905803564,0,1
0.90,57,0.7055079945937583,0.31685186890596506,0,1
0.90,58,0.9220520217945971,0.7166487505559103,1,0
0.90,59,0.8018635680779189,0.5861278106231607,0,0
0.90,60,0.7037381213089081,0.29820618066324467,0,1
0.90,61,0.8564371910573045,0.4324122620791766,1,0

===== bracket_test_rerun_summary.csv =====
governance_capacity,runs,seed_min,seed_max,stable_sum,fragile_sum,mean_final_cooperation,variance_final_cooperation,mean_final_trust,variance_final_trust
0.30,20,42,61,3,4,0.850705753378152,0.006018429382266556,0.5925541287281417,0.033529820272005635
0.50,20,42,61,4,4,0.851892099534268,0.0059734870025711425,0.5939993147269658,0.033395107945019493
0.70,20,42,61,6,4,0.8526071330375041,0.005968042681381453,0.5949052977000291,0.033513429666042316
0.90,20,42,61,6,4,0.8528585346143842,0.00593781725875338,0.5949491663900087,0.03353173512274717

===== research_outputs_delivery.txt =====
Research Outputs Delivery (TXT)
Generated from latest runner outputs.

Task 2 summary:
topology,propagation_share,avg_breached_nodes
chain,0.0700,0.0750
star,0.6500,1.0200
random_sparse,0.0800,0.0850
fully_connected,0.2400,0.3600

Task 4 mismatch:
D_decision,M,prediction_error,data_source
1,0.161165,2.049608,real_data
2,0.161466,2.053432,real_data
3,0.028293,0.359820,real_data

All output files:
- research_outputs/task1_noise_0.045_struct_0.90.csv
- research_outputs/task1_noise_0.050_struct_0.90.csv
- research_outputs/task1_noise_0.055_struct_0.90.csv
- research_outputs/task1_noise_0.060_struct_0.90.csv
- research_outputs/task1_noise_0.050_struct_0.80.csv
- research_outputs/task2_topology_propagation_summary.csv
- research_outputs/task2_pc_alpha_decay_scan.csv
- research_outputs/task3_dcm_box_counting.csv
- research_outputs/task4_dcm_mismatch_index.csv
- research_outputs/task1_noise_0.045_struct_0.90_raw.csv
- research_outputs/task1_noise_0.050_struct_0.90_raw.csv
- research_outputs/task1_noise_0.055_struct_0.90_raw.csv
- research_outputs/task1_noise_0.060_struct_0.90_raw.csv
- research_outputs/task1_noise_0.050_struct_0.80_raw.csv
- research_outputs/task4_wdi_real_data_snapshot.csv
- research_outputs/research_outputs_bundle.txt

===== research_tasks_manifest.txt =====
research_outputs/task1_noise_0.045_struct_0.90.csv
research_outputs/task1_noise_0.050_struct_0.90.csv
research_outputs/task1_noise_0.055_struct_0.90.csv
research_outputs/task1_noise_0.060_struct_0.90.csv
research_outputs/task1_noise_0.050_struct_0.80.csv
research_outputs/task2_topology_propagation_summary.csv
research_outputs/task2_pc_alpha_decay_scan.csv
research_outputs/task3_dcm_box_counting.csv
research_outputs/task4_dcm_mismatch_index.csv
research_outputs/task1_noise_0.045_struct_0.90_raw.csv
research_outputs/task1_noise_0.050_struct_0.90_raw.csv
research_outputs/task1_noise_0.055_struct_0.90_raw.csv
research_outputs/task1_noise_0.060_struct_0.90_raw.csv
research_outputs/task1_noise_0.050_struct_0.80_raw.csv
research_outputs/task4_wdi_real_data_snapshot.csv
research_outputs/research_outputs_bundle.txt
research_outputs/research_outputs_delivery.txt
research_outputs/bracket_test_rerun_runs.csv
research_outputs/bracket_test_rerun_summary.csv

===== task1_noise_0.045_struct_0.90.csv =====
final_cooperation,final_trust,stable_run,fragile_run
0.8538143150800668,0.5123956629788707,1,0
0.8933831667207143,0.7433522292599858,1,0
0.820283166657453,0.34917134540542055,0,0
0.9430240532032872,0.8202422440524063,0,0
0.8760306979435116,0.6414524451574629,0,0
0.8697523993021203,0.6173782423992926,0,0
0.9551596195086092,0.8573536589787695,0,0
0.8871173829715692,0.6977873538117487,0,0
0.8947899558592682,0.727681341521149,0,0
0.7230082288126566,0.29450187534078826,0,1
0.9023314239000553,0.6708612919852439,0,0
0.8471971083563085,0.595865097518655,0,0
0.8592739454007552,0.6274194631670508,0,0
0.9878202729961127,0.9421215422627014,1,0
0.7763019648402405,0.4965244943002412,0,1
0.7055979582679237,0.31871314608598,0,1
0.9236338102318224,0.7193888458519552,1,0
0.8175621676991878,0.6020949833642539,0,0
0.7043884136098527,0.30103961669836377,0,1
0.858062931309305,0.4351581949731939,1,0

===== task1_noise_0.045_struct_0.90_raw.csv =====
run_index,seed,final_cooperation,min_cooperation,max_cooperation,final_trust,final_ai_capability,final_governance_capacity,first_breach_step,recovery_step,stable_run,recovered_run,fragile_run,max_step_change
0,42,0.8538143150800668,0.8031437511111625,0.9412547613388444,0.5123956629788707,0.9313153872848302,0.9436675512985466,,,1,0,0,0.05578870504201061
1,43,0.8933831667207143,0.8315433422059579,0.9915257698415122,0.7433522292599858,0.9313100243673234,0.9146935345609988,,,1,0,0,0.05570706185974339
2,44,0.820283166657453,0.7483546559608025,0.9551540953825661,0.34917134540542055,0.9312599506903951,0.9835188455897393,63,73,0,1,0,0.049139633309755126
3,45,0.9430240532032872,0.6236251233001562,0.9430240532032872,0.8202422440524063,0.93125243801289,0.9375929345015465,2,86,0,1,0,0.05744876268640353
4,46,0.8760306979435116,0.7742531937874525,0.968872792734878,0.6414524451574629,0.9313100241788874,0.9581379502764651,66,74,0,1,0,0.05136316651696049
5,47,0.8697523993021203,0.6411366694322,0.8960742597042324,0.6173782423992926,0.9312622766533399,0.9808462687866387,8,12,0,1,0,0.06381159444931184
6,48,0.9551596195086092,0.6356969078684491,0.9551596195086092,0.8573536589787695,0.9312946487678943,0.9469884448071771,35,77,0,1,0,0.04298644003305652
7,49,0.8871173829715692,0.745341415684653,0.9333022995617839,0.6977873538117487,0.9313118125856769,0.9345069877626742,45,55,0,1,0,0.05749572520652968
8,50,0.8947899558592682,0.7777333788986002,0.9412719257902679,0.727681341521149,0.9313134215195377,0.9165055983636139,18,24,0,1,0,0.044300163318189645
9,51,0.7230082288126566,0.6089579926174256,0.8925370340882328,0.29450187534078826,0.9312535104029486,0.8049253493849883,17,,0,0,1,0.04744357741568972
10,52,0.9023314239000553,0.6312510274603182,0.9251358268904251,0.6708612919852439,0.9312832036934373,0.990551375265564,21,71,0,1,0,0.042864167101968165
11,53,0.8471971083563085,0.792429298289527,0.9880949987640388,0.595865097518655,0.9313287926526382,0.8980041611740139,64,69,0,1,0,0.0487138844893209
12,54,0.8592739454007552,0.6989857855422883,0.9297205369378347,0.6274194631670508,0.931320034696748,0.9656336996296158,12,47,0,1,0,0.048267382884946586
13,55,0.9878202729961127,0.8000248103071794,0.9878202729961127,0.9421215422627014,0.9313368347681259,0.9088067803559363,,,1,0,0,0.04110549741219238
14,56,0.7763019648402405,0.709127199459392,0.9127681113879693,0.4965244943002412,0.9312962581037962,0.8730684607077193,13,29,0,1,1,0.04653213427357028
15,57,0.7055979582679237,0.6348010104654174,0.9024682916622142,0.31871314608598,0.9312749764888014,0.83707675042041,18,27,0,1,1,0.05429529949079437
16,58,0.9236338102318224,0.8150385821900861,0.9623909186515774,0.7193888458519552,0.931363634704555,0.9713436370241436,,,1,0,0,0.045535762625703025
17,59,0.8175621676991878,0.7354411637476441,0.9718867402766963,0.6020949833642539,0.9313053758661606,0.8972946538754981,62,78,0,1,0,0.04382093612649318
18,60,0.7043884136098527,0.6437442583943931,0.8842190226830913,0.30103961669836377,0.931295541854503,0.8192224425721923,21,57,0,1,1,0.055139463916355824
19,61,0.858062931309305,0.837722457492582,0.95684717275094,0.4351581949731939,0.9313314735252464,0.9775251990043786,,,1,0,0,0.05169687227880293

===== task1_noise_0.050_struct_0.80.csv =====
final_cooperation,final_trust,stable_run,fragile_run
0.8336314869238817,0.48893396493654406,0,0
0.8762531850580784,0.7259592300455281,1,0
0.7095785783866537,0.22316422258851265,0,1
0.9181566209595229,0.7887150744029063,0,0
0.839095498706595,0.5904335241156281,0,0
0.8438894740653449,0.5802450410177131,0,0
0.9374849178832352,0.8412250104642767,0,0
0.8617279090238879,0.6658909459698654,0,0
0.8437821500736506,0.6618884923813915,0,0
0.7040396421783465,0.2735337551802168,0,1
0.840551137117553,0.5882533433719601,0,0
0.8279674945710762,0.5737354408221642,0,0
0.7759051723662982,0.5315612071716517,0,1
0.9664643531199225,0.9229828321391434,0,0
0.7354417437867178,0.4355511130055415,0,1
0.6881747031383305,0.3043000996065511,0,1
0.9070634039720384,0.6993294390496892,0,0
0.7794231290278033,0.5494387674493993,0,1
0.6854558572107806,0.2795845933400521,0,1
0.841440887400787,0.4169800934951256,1,0

===== task1_noise_0.050_struct_0.80_raw.csv =====
run_index,seed,final_cooperation,min_cooperation,max_cooperation,final_trust,final_ai_capability,final_governance_capacity,first_breach_step,recovery_step,stable_run,recovered_run,fragile_run,max_step_change
0,42,0.8336314869238817,0.7669772176041058,0.9237288779804924,0.48893396493654406,0.9252709252348417,0.9327437896453171,34,45,0,1,0,0.05629891223290029
1,43,0.8762531850580784,0.8167442320416594,0.9800723099393089,0.7259592300455281,0.9252722209662017,0.911043372224094,,,1,0,0,0.056027564271105335
2,44,0.7095785783866537,0.7075637998772227,0.9428094265372797,0.22316422258851265,0.9251756477142739,0.8684287234854168,60,84,0,1,1,0.05856603926380455
3,45,0.9181566209595229,0.608050861501454,0.9181566209595229,0.7887150744029063,0.925201586302884,0.8989406265917904,2,90,0,1,0,0.05844917796340454
4,46,0.839095498706595,0.7323243361274185,0.9569961539657872,0.5904335241156281,0.9252592649326836,0.9185733704550811,65,88,0,1,0,0.05159784975369175
5,47,0.8438894740653449,0.6217125917313093,0.8621883641202415,0.5802450410177131,0.9252080679311417,0.9805161657384657,7,18,0,1,0,0.06146035998603783
6,48,0.9374849178832352,0.6201988396120492,0.9374849178832352,0.8412250104642767,0.925252138817196,0.9357262980034384,34,77,0,1,0,0.04299550504141225
7,49,0.8617279090238879,0.7022398080983725,0.9090354652561597,0.6658909459698654,0.9252553783281451,0.9082942389155401,7,12,0,1,0,0.05712813557006591
8,50,0.8437821500736506,0.7200868188936882,0.9229218133883326,0.6618884923813915,0.9252443640751984,0.9061935212002704,17,43,0,1,0,0.04453147775231481
9,51,0.7040396421783465,0.592210912118027,0.8846192548754729,0.2735337551802168,0.9252054751652421,0.7809873044267075,17,,0,0,1,0.0476290025956837
10,52,0.840551137117553,0.6147432248971136,0.9139929473049921,0.5882533433719601,0.9252210326877286,0.9648887412997725,21,97,0,1,0,0.04717070297377868
11,53,0.8279674945710762,0.7605399347470684,0.9808761565909732,0.5737354408221642,0.9252871176012973,0.8893071274757283,62,69,0,1,0,0.04848898067343843
12,54,0.7759051723662982,0.6803872973186411,0.9223197857391334,0.5315612071716517,0.9252579689092315,0.9087023167434239,12,52,0,1,1,0.04816010235861823
13,55,0.9664643531199225,0.7286701168792864,0.9685063151239229,0.9229828321391434,0.925284526834805,0.8823990488676362,43,63,0,1,0,0.04207999880471025
14,56,0.7354417437867178,0.6807157977588977,0.8846192548754729,0.4355511130055415,0.9252268656273145,0.7935099438899352,12,32,0,1,1,0.04429412179124048
15,57,0.6881747031383305,0.6040274206749858,0.8903160173055342,0.3043000996065511,0.9252197360856701,0.806590302158973,18,,0,0,1,0.04593447681883844
16,58,0.9070634039720384,0.7785863835106182,0.9526138427964168,0.6993294390496892,0.9253266108976604,0.9678182791488421,62,68,0,1,0,0.046062687405432734
17,59,0.7794231290278033,0.7041799721393454,0.9627542601450496,0.5494387674493993,0.9252547297633166,0.8833053567530668,57,,0,0,1,0.04418920999641485
18,60,0.6854558572107806,0.6186043874668232,0.8776458897165245,0.2795845933400521,0.9252333462612146,0.795195024353918,6,,0,0,1,0.05508284144665465
19,61,0.841440887400787,0.8211540863123022,0.9429571609886556,0.4169800934951256,0.9252955358438226,0.9769684705347328,,,1,0,0,0.052474946927014154

===== task1_noise_0.050_struct_0.90.csv =====
final_cooperation,final_trust,stable_run,fragile_run
0.8519939016712876,0.509645437359195,1,0
0.8916180670812274,0.7406067813305584,1,0
0.8182490571852068,0.3461942837449223,0,0
0.9409250300430725,0.8164322534707528,0,0
0.8741647251920781,0.638430995224045,0,0
0.8650761071493306,0.6084596032845891,0,0
0.9531654055358336,0.854488514122912,0,0
0.8852055136436972,0.6949670878739224,0,0
0.8929943446580364,0.7249229605778923,0,0
0.7206726915986816,0.2914110333769773,0,1
0.8960389080230071,0.6565733304834851,0,0
0.8452909706581508,0.5930203741379506,0,0
0.8572220640704974,0.6240729180400978,0,0
0.9855804042565768,0.9385603296265184,0,0
0.7735257870481983,0.49195351905803564,0,1
0.7036614642008311,0.31685186890596506,0,1
0.9220514065416261,0.7166487505559103,1,0
0.8018635676215898,0.5861278106231607,0,0
0.7021054127378338,0.29820618066324467,0,1
0.8564371617685995,0.4324122620791766,1,0

===== task1_noise_0.050_struct_0.90_raw.csv =====
run_index,seed,final_cooperation,min_cooperation,max_cooperation,final_trust,final_ai_capability,final_governance_capacity,first_breach_step,recovery_step,stable_run,recovered_run,fragile_run,max_step_change
0,42,0.8519939016712876,0.8014331487794075,0.9398546389655119,0.509645437359195,0.9313064485899688,0.941040774482395,,,1,0,0,0.05585641932888863
1,43,0.8916180670812274,0.829908413554748,0.9899317967521466,0.7406067813305584,0.9313010849815058,0.913303185924322,,,1,0,0,0.0557490310673916
2,44,0.8182490571852068,0.7462750271683991,0.9538079879081167,0.3461942837449223,0.9312504084334755,0.9806326673180122,63,73,0,1,0,0.049230539885904756
3,45,0.9409250300430725,0.6219436272937495,0.9409250300430725,0.8164322534707528,0.9312384805059348,0.9337511514031632,2,86,0,1,0,0.05758914883718225
4,46,0.8741647251920781,0.7720664697507708,0.9676100439172297,0.638430995224045,0.9313004887923424,0.957027043814352,66,74,0,1,0,0.05136741277138568
5,47,0.8650761071493306,0.639289514604378,0.8932668969412358,0.6084596032845891,0.9312480228799894,0.980581783853728,7,12,0,1,0,0.06382758917482234
6,48,0.9531654055358336,0.6338927641354025,0.9531654055358336,0.854488514122912,0.9312832036341012,0.9438231403671863,35,77,0,1,0,0.0429359581727673
7,49,0.8852055136436972,0.7433288888280438,0.931699525917502,0.6949670878739224,0.9313022774528208,0.931782787389269,45,55,0,1,0,0.05751387926851004
8,50,0.8929943446580364,0.7761240032516197,0.9400674675058237,0.7249229605778923,0.9313040653998463,0.9148970261111464,18,24,0,1,0,0.044332673655933075
9,51,0.7206726915986816,0.6070196269122925,0.8919647202039338,0.2914110333769773,0.9312396724186075,0.800429397323138,17,,0,0,1,0.047480050594436385
10,52,0.8960389080230071,0.6293310873693971,0.9242475884643112,0.6565733304834851,0.931260547027529,0.9903731608138874,21,86,0,1,0,0.049114788493615724
11,53,0.8452909706581508,0.7905724586560758,0.9872920847316848,0.5930203741379506,0.9313195577666405,0.8957345467196061,64,69,0,1,0,0.048711446056301844
12,54,0.8572220640704974,0.6972824986911442,0.9291544075792985,0.6240729180400978,0.9313082361802328,0.964063332789905,12,48,0,1,0,0.0482514578888501
13,55,0.9855804042565768,0.7912822436953718,0.9855804042565768,0.9385603296265184,0.931326707290583,0.9064672829514406,52,54,0,1,0,0.04112952838530626
14,56,0.7735257870481983,0.7073828238528714,0.9107890081938795,0.49195351905803564,0.9312849920775478,0.8692942342369961,13,29,0,1,1,0.046528803554581444
15,57,0.7036614642008311,0.6326068442801671,0.9014733583953655,0.31685186890596506,0.9312617391162061,0.8327068164437132,18,27,0,1,1,0.05434458193408176
16,58,0.9220514065416261,0.8131785332158991,0.9614714433489571,0.7166487505559103,0.9313547022258983,0.9699065739966848,,,1,0,0,0.04559320465713845
17,59,0.8018635676215898,0.7328318502100024,0.9708898311094574,0.5861278106231607,0.9312897603499626,0.8908798508502527,62,78,0,1,0,0.043843679215746056
18,60,0.7021054127378338,0.6419286045345207,0.8837578329237722,0.29820618066324467,0.9312814141511364,0.814587133101584,21,,0,0,1,0.055005348132299736
19,61,0.8564371617685995,0.835956518035779,0.9553224241299841,0.4324122620791766,0.9313225369029337,0.9771029875872909,,,1,0,0,0.051781551030885775

===== task1_noise_0.055_struct_0.90.csv =====
final_cooperation,final_trust,stable_run,fragile_run
0.8495315181772224,0.5057244591075071,0,0
0.8898527312670992,0.7378609635076748,1,0
0.8118624656413993,0.33439720414489743,0,0
0.9376062920709429,0.8102380282182038,0,0
0.8721947981416773,0.6354090834421944,0,0
0.8629703390795551,0.6047525360004861,0,0
0.9511703129246085,0.851623000261944,0,0
0.8832927026256997,0.6921464133360896,0,0
0.8911984902727287,0.7221642023445703,0,0
0.7183369049465089,0.2883199539101743,0,1
0.8939046503761939,0.6527963317856481,0,0
0.8433842980115928,0.5901752443567538,0,0
0.8551606555374522,0.6207046234926081,0,0
0.9834876313268456,0.9353897845881072,0,0
0.7671254410875781,0.4810410831827793,0,1
0.7014874630837609,0.31499051982090676,0,1
0.920468765144735,0.7139082850957664,1,0
0.7990001326462114,0.5812025685614364,0,1
0.6997271945465027,0.29537255249695127,0,1
0.854811258399054,0.4296659586449022,1,0

===== task1_noise_0.055_struct_0.90_raw.csv =====
run_index,seed,final_cooperation,min_cooperation,max_cooperation,final_trust,final_ai_capability,final_governance_capacity,first_breach_step,recovery_step,stable_run,recovered_run,fragile_run,max_step_change
0,42,0.8495315181772224,0.7899648211341608,0.9359622367861271,0.5057244591075071,0.9312929191558089,0.9376229539768204,36,43,0,1,0,0.055853710162748094
1,43,0.8898527312670992,0.8282733512108705,0.9883376755283496,0.7378609635076748,0.9312921444439418,0.9119114833873652,,,1,0,0,0.05579100806944082
2,44,0.8118624656413993,0.7441948979012605,0.9524615189919746,0.33439720414489743,0.9312340049630697,0.9743722857572937,63,78,0,1,0,0.04932147722916913
3,45,0.9376062920709429,0.6202620716789887,0.9376062920709429,0.8102380282182038,0.9312238638611432,0.9293691458564992,2,87,0,1,0,0.05772953753074206
4,46,0.8721947981416773,0.7698795714037363,0.9663470258535607,0.6354090834421944,0.9312909520958207,0.954908346049276,66,74,0,1,0,0.05137165919279696
5,47,0.8629703390795551,0.6361473852404038,0.8916968528700542,0.6047525360004861,0.9312347207078522,0.980319320692056,7,12,0,1,0,0.06277520764910305
6,48,0.9511703129246085,0.6320883955409888,0.9511703129246085,0.851623000261944,0.9312717566140741,0.9406498794678892,35,77,0,1,0,0.04293784500104503
7,49,0.8832927026256997,0.7413159618662171,0.9300960115371351,0.6921464133360896,0.9312927410100231,0.9290503362465061,45,55,0,1,0,0.05753204697123149
8,50,0.8911984902727287,0.7745145348964783,0.9388628094221684,0.7221642023445703,0.9312947080187971,0.9132869790506029,18,24,0,1,0,0.04436519146966178
9,51,0.7183369049465089,0.6050810044489425,0.8913924047763153,0.2883199539101743,0.931225831677442,0.7959314792321078,17,,0,0,1,0.04751653499506392
10,52,0.8939046503761939,0.6274108739810987,0.9233478397393311,0.6527963317856481,0.9312477244268142,0.9901959431541871,21,86,0,1,0,0.0491324869903943
11,53,0.8433842980115928,0.7887154833708644,0.9864890674734896,0.5901752443567538,0.9313103216514044,0.8934607893572578,64,69,0,1,0,0.048709019742534165
12,54,0.8551606555374522,0.6954983589844653,0.9285882745411803,0.6207046234926081,0.9312963164503637,0.9624919975364578,12,49,0,1,0,0.04823267425607691
13,55,0.9834876313268456,0.7828985679247118,0.9834876313268456,0.9353897845881072,0.931316995439284,0.9038964077187768,51,54,0,1,0,0.04115357519144358
14,56,0.7671254410875781,0.7055611639815526,0.9080506920344051,0.4810410831827793,0.9312711007317118,0.8644489070116874,13,31,0,1,1,0.046484635237390215
15,57,0.7014874630837609,0.6218497948887711,0.900478393345628,0.31499051982090676,0.9312403277337418,0.826208136666677,18,56,0,1,1,0.053508637226605704
16,58,0.920468765144735,0.8113179351977301,0.9605519293893656,0.7139082850957664,0.9313457685963779,0.9684678742158044,,,1,0,0,0.04565066297888909
17,59,0.7990001326462114,0.7302188791290796,0.96989276986267,0.5812025685614364,0.9312787913519629,0.8874393880138062,62,78,0,1,1,0.04386642148394038
18,60,0.6997271945465027,0.6347683033790799,0.8832966425161165,0.29537255249695127,0.9312527930149807,0.8090388698025369,8,16,0,1,1,0.05501800985200633
19,61,0.854811258399054,0.834190232164452,0.9537973091913716,0.4296659586449022,0.931313599129228,0.9766807139217762,,,1,0,0,0.05186622859715728

===== task1_noise_0.060_struct_0.90.csv =====
final_cooperation,final_trust,stable_run,fragile_run
0.8474187012436991,0.5025875263043402,0,0
0.8880871587248713,0.7351147757187945,1,0
0.8089260771321466,0.32959194107968354,0,0
0.9354732748619621,0.8063498742951833,0,0
0.8621036160742108,0.6156387304646451,0,0
0.86013828746913,0.5994320386143613,0,0
0.9491743399328021,0.848757117338492,0,0
0.877589454937514,0.6814687953679466,0,0
0.8888800592262942,0.7182353420205807,0,0
0.7160008686882476,0.28522863692201933,0,1
0.891628315358734,0.6490186217588093,0,0
0.8414770895326673,0.5873297080915012,0,0
0.8530889153182403,0.6173128057337814,0,0
0.9815937197096329,0.932632752118406,0,0
0.7642279863064226,0.4761924421193425,0,1
0.6995188637133876,0.31312909882833007,0,1
0.9188858812590807,0.7111674493987914,1,0
0.7961368505741999,0.5762764557649613,0,1
0.6974615114544446,0.29253873218663345,0,1
0.8531852207749253,0.42691928459763584,1,0

===== task1_noise_0.060_struct_0.90_raw.csv =====
run_index,seed,final_cooperation,min_cooperation,max_cooperation,final_trust,final_ai_capability,final_governance_capacity,first_breach_step,recovery_step,stable_run,recovered_run,fragile_run,max_step_change
0,42,0.8474187012436991,0.7830777747708697,0.9337273210643805,0.5025875263043402,0.9312821294882562,0.9346724577079878,35,44,0,1,0,0.055898108014851844
1,43,0.8880871587248713,0.8266381312792227,0.9868676863040565,0.7351147757187945,0.9312832027544856,0.9105184254489359,,,1,0,0,0.05583299286963728
2,44,0.8089260771321466,0.7421142672264167,0.9511146880511141,0.32959194107968354,0.931223444815179,0.9709065590830973,63,79,0,1,0,0.04941244540728662
3,45,0.9354732748619621,0.6185804564488118,0.9354732748619621,0.8063498742951833,0.9312098409331655,0.9254589219127829,2,87,0,1,0,0.0578699287671578
4,46,0.8621036160742108,0.7621740523621919,0.9650837382102596,0.6156387304646451,0.9312756906281221,0.9495049750099155,66,84,0,1,0,0.05137590578117979
5,47,0.86013828746913,0.6345868638824882,0.8901266186090433,0.5994320386143613,0.9312212966507525,0.9800561509043971,7,12,0,1,0,0.06286981748485354
6,48,0.9491743399328021,0.630283832078392,0.9491743399328021,0.848757117338492,0.9312603077075048,0.9374686422524292,35,77,0,1,0,0.0429498390804437
7,49,0.877589454937514,0.7393026342575107,0.9232320506830207,0.6814687953679466,0.931273187595148,0.9227746164155507,45,55,0,1,0,0.057550228331255115
8,50,0.8888800592262942,0.7684215173251115,0.9356074930756642,0.7182353420205807,0.931272472549822,0.9116472853133424,18,24,0,1,0,0.044397716762696326
9,51,0.7160008686882476,0.6031421249648873,0.890820087805353,0.28522863692201933,0.9312119881789082,0.7914315935029923,17,,0,0,1,0.047553030629022275
10,52,0.891628315358734,0.6254911203249713,0.9224480803072688,0.6490186217588093,0.9312348994592837,0.9900187110595707,21,86,0,1,0,0.04915020299395023
11,53,0.8414770895326673,0.7868583724038583,0.9856859469169088,0.5873297080915012,0.9313010843067672,0.8911828795710651,64,69,0,1,0,0.04870660559398943
12,54,0.8530889153182403,0.6930754162524794,0.9280221378233454,0.6173128057337814,0.9312842754453672,0.9609193582611776,12,50,0,1,0,0.04821067203689933
13,55,0.9815937197096329,0.7809147980493659,0.9815937197096329,0.932632752118406,0.9313078781708709,0.9014578098925045,51,54,0,1,0,0.04117763786157125
14,56,0.7642279863064226,0.7037392170818749,0.9056402764184366,0.4761924421193425,0.931258876447472,0.8604631686939795,13,32,0,1,1,0.04645822748297346
15,57,0.6995188637133876,0.6183774661990498,0.8994833965076081,0.31312909882833007,0.9312259501347718,0.821550406250772,18,57,0,1,1,0.05355323781091814
16,58,0.9188858812590807,0.8094567871475074,0.9596323767644264,0.7111674493987914,0.9313368338158448,0.9670275354502924,,,1,0,0,0.04570813761205239
17,59,0.7961368505741999,0.7276055736008864,0.9688954692091452,0.5762764557649613,0.9312678206215319,0.8840033133545305,62,78,0,1,1,0.04388916001765475
18,60,0.6974615114544446,0.6324228478152085,0.8828354514601191,0.29253873218663345,0.9312384776558178,0.8045039029085063,8,16,0,1,1,0.05504142229488007
19,61,0.8531852207749253,0.8324234872109084,0.9522718274226166,0.42691928459763584,0.9313046602039816,0.9762583779887607,,,1,0,0,0.0519501602141621

===== task2_pc_alpha_decay_scan.csv =====
topology,k_D,k_C,alpha,propagation_share,avg_breached_nodes
chain,0.10,0.02,0.050,0.0900,0.0900
star,0.10,0.02,0.050,0.7400,1.1300
random_sparse,0.10,0.02,0.050,0.0700,0.0800
fully_connected,0.10,0.02,0.050,0.2700,0.4500
chain,0.10,0.02,0.060,0.0800,0.0800
star,0.10,0.02,0.060,0.7300,1.1100
random_sparse,0.10,0.02,0.060,0.0600,0.0600
fully_connected,0.10,0.02,0.060,0.2700,0.4500
chain,0.10,0.02,0.070,0.0800,0.0800
star,0.10,0.02,0.070,0.7200,1.1000
random_sparse,0.10,0.02,0.070,0.0600,0.0600
fully_connected,0.10,0.02,0.070,0.2700,0.4500
chain,0.10,0.02,0.080,0.0800,0.0800
star,0.10,0.02,0.080,0.7100,1.0900
random_sparse,0.10,0.02,0.080,0.0600,0.0600
fully_connected,0.10,0.02,0.080,0.2500,0.3800
chain,0.10,0.02,0.090,0.0800,0.0800
star,0.10,0.02,0.090,0.7100,1.0800
random_sparse,0.10,0.02,0.090,0.0600,0.0600
fully_connected,0.10,0.02,0.090,0.2500,0.3700
chain,0.10,0.02,0.100,0.0700,0.0700
star,0.10,0.02,0.100,0.7100,1.0700
random_sparse,0.10,0.02,0.100,0.0600,0.0600
fully_connected,0.10,0.02,0.100,0.2500,0.3700
chain,0.10,0.02,0.110,0.0700,0.0700
star,0.10,0.02,0.110,0.6900,1.0400
random_sparse,0.10,0.02,0.110,0.0600,0.0600
fully_connected,0.10,0.02,0.110,0.2500,0.3700
chain,0.10,0.02,0.120,0.0700,0.0700
star,0.10,0.02,0.120,0.6900,1.0100
random_sparse,0.10,0.02,0.120,0.0600,0.0600
fully_connected,0.10,0.02,0.120,0.2500,0.3700
chain,0.10,0.02,0.130,0.0700,0.0700
star,0.10,0.02,0.130,0.6700,0.9900
random_sparse,0.10,0.02,0.130,0.0600,0.0600
fully_connected,0.10,0.02,0.130,0.2500,0.3700
chain,0.10,0.02,0.140,0.0700,0.0700
star,0.10,0.02,0.140,0.6600,0.9700
random_sparse,0.10,0.02,0.140,0.0500,0.0500
fully_connected,0.10,0.02,0.140,0.2500,0.3600
chain,0.10,0.02,0.150,0.0700,0.0700
star,0.10,0.02,0.150,0.6600,0.9700
random_sparse,0.10,0.02,0.150,0.0500,0.0500
fully_connected,0.10,0.02,0.150,0.2400,0.3500

===== task2_topology_propagation_summary.csv =====
topology,propagation_share,avg_breached_nodes
chain,0.0700,0.0750
star,0.6500,1.0200
random_sparse,0.0800,0.0850
fully_connected,0.2400,0.3600

===== task3_dcm_box_counting.csv =====
resolution_R,D_eff
384,1.814576
320,1.845399
288,1.822425
256,1.749142
224,1.826975
192,1.722038
160,1.881377
144,1.729296
128,1.629782
112,1.732076
96,1.556094
80,2.033211

===== task4_dcm_mismatch_index.csv =====
D_decision,M,prediction_error,data_source
1,0.161165,2.049608,real_data
2,0.161466,2.053432,real_data
3,0.028293,0.359820,real_data

===== task4_wdi_real_data_snapshot.csv =====
country,gdp_per_capita,life_expectancy,infant_mortality,education_index,gini,co2_emissions,internet_access
USA,76329,77.4,5.4,0.9,41.3,14.9,92.0
CAN,53372,81.6,4.3,0.89,33.3,14.2,95.0
DEU,52086,80.9,3.1,0.91,31.7,8.1,93.4
FRA,43518,82.4,3.6,0.89,32.4,4.7,92.2
GBR,46714,80.7,3.6,0.9,35.1,5.1,95.0
JPN,33834,84.5,1.8,0.91,32.9,8.5,93.0
KOR,33147,83.6,2.5,0.92,31.4,11.7,97.1
AUS,65099,83.0,3.1,0.92,34.3,14.8,96.0
BRA,8917,75.3,11.7,0.71,52.0,2.3,84.7
MEX,11496,75.0,12.0,0.75,45.4,3.5,78.6
CHN,12614,78.2,5.4,0.76,38.5,8.9,76.4
IND,2389,67.7,27.7,0.56,35.7,1.9,47.0
IDN,4788,71.7,18.3,0.66,37.9,2.4,69.2
TUR,10616,77.1,8.8,0.75,41.9,4.8,81.4
ZAF,6558,62.9,24.0,0.7,63.0,6.6,75.0
NGA,2162,53.6,54.7,0.5,35.1,0.7,55.4
EGY,4295,70.2,16.8,0.64,31.5,2.5,72.2
ARG,13685,76.1,8.1,0.8,42.3,4.2,87.2
CHL,17100,80.0,6.0,0.82,43.0,4.5,90.0
SWE,55873,83.1,2.1,0.92,29.8,3.3,96.5

